       0.1256637       0.1253332
       0.2513274       0.2486899
       0.3769912       0.3681246
       0.5026549       0.4817537
       0.6283185       0.5877852
       0.7539823       0.6845471
       0.8796460       0.7705133
       1.0053097       0.8443279
       1.1309735       0.9048271
       1.2566371       0.9510565
       1.3823009       0.9822873
       1.5079646       0.9980267
       1.6336282       0.9980267
       1.7592920       0.9822872
       1.8849556       0.9510565
       2.0106194       0.9048270
       2.1362832       0.8443279
       2.2619469       0.7705131
       2.3876104       0.6845471
       2.5132742       0.5877852
       2.6389380       0.4817536
       2.7646017       0.3681244
       2.8902655       0.2486897
       3.0159292       0.1253330
       3.1415927 -8.7422777E-008
       3.2672565      -0.1253334
       3.3929203      -0.2486901
       3.5185840      -0.3681248
       3.6442478      -0.4817539
       3.7699113      -0.5877854
       3.8955750      -0.6845472
       4.0212388      -0.7705134
       4.1469026      -0.8443280
       4.2725663      -0.9048272
       4.3982301      -0.9510566
       4.5238938      -0.9822873
       4.6495576      -0.9980267
       4.7752209      -0.9980267
       4.9008846      -0.9822872
       5.0265484      -0.9510565
       5.1522121      -0.9048270
       5.2778759      -0.8443278
       5.4035397      -0.7705131
       5.5292034      -0.6845468
       5.6548672      -0.5877849
       5.7805309      -0.4817533
       5.9061947      -0.3681241
       6.0318584      -0.2486894
       6.1575217      -0.1253331
       6.2831855  1.7484555E-007
       6.4088492       0.1253335
       6.5345130       0.2486902
       6.6601768       0.3681249
       6.7858405       0.4817540
       6.9115043       0.5877856
       7.0371680       0.6845475
       7.1628318       0.7705136
       7.2884955       0.8443282
       7.4141588       0.9048271
       7.5398226       0.9510566
       7.6654863       0.9822873
       7.7911501       0.9980267
       7.9168139       0.9980267
       8.0424776       0.9822872
       8.1681414       0.9510564
       8.2938051       0.9048268
       8.4194689       0.8443276
       8.5451326       0.7705128
       8.6707964       0.6845466
       8.7964602       0.5877846
       8.9221239       0.4817530
       9.0477877       0.3681238
       9.1734514       0.2486890
       9.2991152       0.1253323
       9.4247780 -2.3849761E-008
       9.5504417      -0.1253333
       9.6761055      -0.2486900
       9.8017693      -0.3681247
       9.9274330      -0.4817539
      10.0530968      -0.5877855
      10.1787605      -0.6845474
      10.3044243      -0.7705135
      10.4300880      -0.8443282
      10.5557518      -0.9048272
      10.6814156      -0.9510567
      10.8070793      -0.9822873
      10.9327431      -0.9980268
      11.0584068      -0.9980267
      11.1840706      -0.9822871
      11.3097343      -0.9510562
      11.4353981      -0.9048267
      11.5610619      -0.8443274
      11.6867256      -0.7705126
      11.8123894      -0.6845464
      11.9380531      -0.5877844
      12.0637169      -0.4817527
      12.1893797      -0.3681244
      12.3150434      -0.2486897
      12.4407072      -0.1253329
      12.5663710  3.4969111E-007
