   1.0000000000000000        1.0000000000000000     
   1.0050050050050050        1.0100100100100100     
   1.0100100100100100        1.0200450694236096     
   1.0150150150150150        1.0301051770181529     
   1.0200200200200200        1.0401903309859397     
   1.0250250250250250        1.0503005289515319     
   1.0300300300300300        1.0604357679885472     
   1.0350350350350350        1.0705960446359515     
   1.0400400400400400        1.0807813549138623     
   1.0450450450450450        1.0909916943388842     
   1.0500500500500500        1.1012270579389873     
   1.0550550550550550        1.1114874402679473     
   1.0600600600600600        1.1217728354193595     
   1.0650650650650650        1.1320832370402407     
   1.0700700700700700        1.1424186383442347     
   1.0750750750750750        1.1527790321244309     
   1.0800800800800801        1.1631644107658110     
   1.0850850850850851        1.1735747662573350     
   1.0900900900900901        1.1840100902036776     
   1.0950950950950951        1.1944703738366271     
   1.1001001001001001        1.2049556080261565     
   1.1051051051051051        1.2154657832911779     
   1.1101101101101101        1.2260008898099903     
   1.1151151151151151        1.2365609174304291     
   1.1201201201201201        1.2471458556797288     
   1.1251251251251251        1.2577556937741066     
   1.1301301301301301        1.2683904206280743     
   1.1351351351351351        1.2790500248634904     
   1.1401401401401401        1.2897344948183564     
   1.1451451451451451        1.3004438185553691     
   1.1501501501501501        1.3111779838702313     
   1.1551551551551551        1.3219369782997350     
   1.1601601601601601        1.3327207891296169     
   1.1651651651651651        1.3435294034021990     
   1.1701701701701701        1.3543628079238170     
   1.1751751751751751        1.3652209892720446     
   1.1801801801801801        1.3761039338027194     
   1.1851851851851851        1.3870116276567761     
   1.1901901901901901        1.3979440567668928     
   1.1951951951951951        1.4089012068639573     
   1.2002002002002001        1.4198830634833555     
   1.2052052052052051        1.4308896119710910     
   1.2102102102102101        1.4419208374897383     
   1.2152152152152151        1.4529767250242345     
   1.2202202202202201        1.4640572593875156     
   1.2252252252252251        1.4751624252260018     
   1.2302302302302301        1.4862922070249345     
   1.2352352352352352        1.4974465891135704     
   1.2402402402402402        1.5086255556702377     
   1.2452452452452452        1.5198290907272560     
   1.2502502502502502        1.5310571781757270     
   1.2552552552552552        1.5423098017701962     
   1.2602602602602602        1.5535869451331921     
   1.2652652652652652        1.5648885917596447     
   1.2702702702702702        1.5762147250211873     
   1.2752752752752752        1.5875653281703455     
   1.2802802802802802        1.5989403843446139     
   1.2852852852852852        1.6103398765704284     
   1.2902902902902902        1.6217637877670323     
   1.2952952952952952        1.6332121007502416     
   1.3003003003003002        1.6446847982361119     
   1.3053053053053052        1.6561818628445100     
   1.3103103103103102        1.6677032771025906     
   1.3153153153153152        1.6792490234481849     
   1.3203203203203202        1.6908190842330992     
   1.3253253253253252        1.7024134417263286     
   1.3303303303303302        1.7140320781171867     
   1.3353353353353352        1.7256749755183554     
   1.3403403403403402        1.7373421159688545     
   1.3453453453453452        1.7490334814369353     
   1.3503503503503502        1.7607490538228994     
   1.3553553553553552        1.7724888149618445     
   1.3603603603603602        1.7842527466263403     
   1.3653653653653652        1.7960408305290336     
   1.3703703703703702        1.8078530483251893     
   1.3753753753753752        1.8196893816151631     
   1.3803803803803802        1.8315498119468132     
   1.3853853853853852        1.8434343208178483     
   1.3903903903903903        1.8553428896781170     
   1.3953953953953953        1.8672754999318375     
   1.4004004004004003        1.8792321329397703     
   1.4054054054054055        1.8912127700213359     
   1.4104104104104105        1.9032173924566778     
   1.4154154154154155        1.9152459814886729     
   1.4204204204204205        1.9272985183248914     
   1.4254254254254255        1.9393749841395052     
   1.4304304304304305        1.9514753600751487     
   1.4354354354354355        1.9635996272447316     
   1.4404404404404405        1.9757477667332057     
   1.4454454454454455        1.9879197595992864     
   1.4504504504504505        2.0001155868771305     
   1.4554554554554555        2.0123352295779720     
   1.4604604604604605        2.0245786686917135     
   1.4654654654654655        2.0368458851884812     
   1.4704704704704705        2.0491368600201363     
   1.4754754754754755        2.0614515741217505     
   1.4804804804804805        2.0737900084130416     
   1.4854854854854855        2.0861521437997754     
   1.4904904904904905        2.0985379611751287     
   1.4954954954954955        2.1109474414210196     
   1.5005005005005005        2.1233805654094029     
   1.5055055055055055        2.1358373140035329     
   1.5105105105105106        2.1483176680591929     
   1.5155155155155156        2.1608216084258949     
   1.5205205205205206        2.1733491159480467     
   1.5255255255255256        2.1859001714660904     
   1.5305305305305306        2.1984747558176116     
   1.5355355355355356        2.2110728498384193     
   1.5405405405405406        2.2236944343635989     
   1.5455455455455456        2.2363394902285374     
   1.5505505505505506        2.2490079982699220     
   1.5555555555555556        2.2616999393267139     
   1.5605605605605606        2.2744152942410967     
   1.5655655655655656        2.2871540438593989     
   1.5705705705705706        2.2999161690329961     
   1.5755755755755756        2.3127016506191840     
   1.5805805805805806        2.3255104694820341     
   1.5855855855855856        2.3383426064932245     
   1.5905905905905906        2.3511980425328489     
   1.5955955955955956        2.3640767584902065     
   1.6006006006006006        2.3769787352645677     
   1.6056056056056056        2.3899039537659235     
   1.6106106106106106        2.4028523949157123     
   1.6156156156156156        2.4158240396475295     
   1.6206206206206206        2.4288188689078165     
   1.6256256256256256        2.4418368636565337     
   1.6306306306306306        2.4548780048678132     
   1.6356356356356356        2.4679422735305958     
   1.6406406406406406        2.4810296506492500     
   1.6456456456456456        2.4941401172441751     
   1.6506506506506506        2.5072736543523884     
   1.6556556556556556        2.5204302430280952     
   1.6606606606606606        2.5336098643432443     
   1.6656656656656657        2.5468124993880683     
   1.6706706706706707        2.5600381292716086     
   1.6756756756756757        2.5732867351222275     
   1.6806806806806807        2.5865582980881050     
   1.6856856856856857        2.5998527993377221     
   1.6906906906906907        2.6131702200603311     
   1.6956956956956957        2.6265105414664118     
   1.7007007007007007        2.6398737447881166     
   1.7057057057057057        2.6532598112797015     
   1.7107107107107107        2.6666687222179455     
   1.7157157157157157        2.6801004589025594     
   1.7207207207207207        2.6935550026565807     
   1.7257257257257257        2.7070323348267591     
   1.7307307307307307        2.7205324367839308     
   1.7357357357357357        2.7340552899233797     
   1.7407407407407407        2.7476008756651908     
   1.7457457457457457        2.7611691754545915     
   1.7507507507507507        2.7747601707622844     
   1.7557557557557557        2.7883738430847687     
   1.7607607607607607        2.8020101739446530     
   1.7657657657657657        2.8156691448909585     
   1.7707707707707707        2.8293507374994129     
   1.7757757757757757        2.8430549333727346     
   1.7807807807807807        2.8567817141409098     
   1.7857857857857857        2.8705310614614596     
   1.7907907907907907        2.8843029570197003     
   1.7957957957957957        2.8980973825289928     
   1.8008008008008007        2.9119143197309878     
   1.8058058058058060        2.9257537503958599     
   1.8108108108108110        2.9396156563225357     
   1.8158158158158160        2.9535000193389140     
   1.8208208208208210        2.9674068213020801     
   1.8258258258258260        2.9813360440985104     
   1.8308308308308310        2.9952876696442723     
   1.8358358358358360        3.0092616798852165     
   1.8408408408408410        3.0232580567971623     
   1.8458458458458460        3.0372767823860780     
   1.8508508508508510        3.0513178386882522     
   1.8558558558558560        3.0653812077704625     
   1.8608608608608610        3.0794668717301348     
   1.8658658658658660        3.0935748126954992     
   1.8708708708708710        3.1077050128257384     
   1.8758758758758760        3.1218574543111322     
   1.8808808808808810        3.1360321193731950     
   1.8858858858858860        3.1502289902648082     
   1.8908908908908910        3.1644480492703488     
   1.8958958958958960        3.1786892787058108     
   1.9009009009009010        3.1929526609189232     
   1.9059059059059060        3.2072381782892623     
   1.9109109109109110        3.2215458132283592     
   1.9159159159159160        3.2358755481798034     
   1.9209209209209210        3.2502273656193408     
   1.9259259259259260        3.2646012480549675     
   1.9309309309309310        3.2789971780270211     
   1.9359359359359360        3.2934151381082644     
   1.9409409409409411        3.3078551109039682     
   1.9459459459459461        3.3223170790519880     
   1.9509509509509511        3.3368010252228371     
   1.9559559559559561        3.3513069321197562     
   1.9609609609609611        3.3658347824787795     
   1.9659659659659661        3.3803845590687969     
   1.9709709709709711        3.3949562446916119     
   1.9759759759759761        3.4095498221819969     
   1.9809809809809811        3.4241652744077440     
   1.9859859859859861        3.4388025842697143     
   1.9909909909909911        3.4534617347018814     
   1.9959959959959961        3.4681427086713752     
   2.0010010010010011        3.4828454891785174     
   2.0060060060060061        3.4975700592568604     
   2.0110110110110111        3.5123164019732163     
   2.0160160160160161        3.5270845004276894     
   2.0210210210210211        3.5418743377537014     
   2.0260260260260261        3.5566858971180162     
   2.0310310310310311        3.5715191617207602     
   2.0360360360360361        3.5863741147954422     
   2.0410410410410411        3.6012507396089681     
   2.0460460460460461        3.6161490194616555     
   2.0510510510510511        3.6310689376872443     
   2.0560560560560561        3.6460104776529052     
   2.0610610610610611        3.6609736227592466     
   2.0660660660660661        3.6759583564403178     
   2.0710710710710711        3.6909646621636112     
   2.0760760760760761        3.7059925234300621     
   2.0810810810810811        3.7210419237740462     
   2.0860860860860861        3.7361128467633744     
   2.0910910910910911        3.7512052759992871     
   2.0960960960960962        3.7663191951164445     
   2.1011011011011012        3.7814545877829167     
   2.1061061061061062        3.7966114377001707     
   2.1111111111111112        3.8117897286030571     
   2.1161161161161162        3.8269894442597927     
   2.1211211211211212        3.8422105684719443     
   2.1261261261261262        3.8574530850744075     
   2.1311311311311312        3.8727169779353869     
   2.1361361361361362        3.8880022309563724     
   2.1411411411411412        3.9033088280721158     
   2.1461461461461462        3.9186367532506030     
   2.1511511511511512        3.9339859904930288     
   2.1561561561561562        3.9493565238337665     
   2.1611611611611612        3.9647483373403376     
   2.1661661661661662        3.9801614151133813     
   2.1711711711711712        3.9955957412866190     
   2.1761761761761762        4.0110513000268231     
   2.1811811811811812        4.0265280755337773     
   2.1861861861861862        4.0420260520402431     
   2.1911911911911912        4.0575452138119195     
   2.1961961961961962        4.0730855451474053     
   2.2012012012012012        4.0886470303781568     
   2.2062062062062062        4.1042296538684466     
   2.2112112112112112        4.1198334000153221     
   2.2162162162162162        4.1354582532485606     
   2.2212212212212212        4.1511041980306240     
   2.2262262262262262        4.1667712188566135     
   2.2312312312312312        4.1824593002542221     
   2.2362362362362362        4.1981684267836856     
   2.2412412412412412        4.2138985830377367     
   2.2462462462462462        4.2296497536415529     
   2.2512512512512513        4.2454219232527066     
   2.2562562562562563        4.2612150765611139     
   2.2612612612612613        4.2770291982889805     
   2.2662662662662663        4.2928642731907516     
   2.2712712712712713        4.3087202860530560     
   2.2762762762762763        4.3245972216946509     
   2.2812812812812813        4.3404950649663681     
   2.2862862862862863        4.3564138007510556     
   2.2912912912912913        4.3723534139635225     
   2.2962962962962963        4.3883138895504796     
   2.3013013013013013        4.4042952124904833     
   2.3063063063063063        4.4202973677938751     
   2.3113113113113113        4.4363203405027232     
   2.3163163163163163        4.4523641156907612     
   2.3213213213213213        4.4684286784633285     
   2.3263263263263263        4.4845140139573063     
   2.3313313313313313        4.5006201073410601     
   2.3363363363363363        4.5167469438143737     
   2.3413413413413413        4.5328945086083881     
   2.3463463463463463        4.5490627869855365     
   2.3513513513513513        4.5652517642394823     
   2.3563563563563563        4.5814614256950525     
   2.3613613613613613        4.5976917567081745     
   2.3663663663663663        4.6139427426658104     
   2.3713713713713713        4.6302143689858903     
   2.3763763763763763        4.6465066211172488     
   2.3813813813813813        4.6628194845395541     
   2.3863863863863863        4.6791529447632456     
   2.3913913913913913        4.6955069873294644     
   2.3963963963963963        4.7118815978099846     
   2.4014014014014013        4.7282767618071482     
   2.4064064064064064        4.7446924649537943     
   2.4114114114114114        4.7611286929131911     
   2.4164164164164164        4.7775854313789683     
   2.4214214214214214        4.7940626660750452     
   2.4264264264264264        4.8105603827555630     
   2.4314314314314314        4.8270785672048149     
   2.4364364364364364        4.8436172052371749     
   2.4414414414414414        4.8601762826970294     
   2.4464464464464464        4.8767557854587054     
   2.4514514514514514        4.8933556994263991     
   2.4564564564564564        4.9099760105341064     
   2.4614614614614614        4.9266167047455500     
   2.4664664664664664        4.9432777680541111     
   2.4714714714714714        4.9599591864827532     
   2.4764764764764764        4.9766609460839550     
   2.4814814814814814        4.9933830329396347     
   2.4864864864864864        5.0101254331610798     
   2.4914914914914914        5.0268881328888746     
   2.4964964964964964        5.0436711182928278     
   2.5015015015015014        5.0604743755718999     
   2.5065065065065064        5.0772978909541306     
   2.5115115115115114        5.0941416506965664     
   2.5165165165165164        5.1110056410851863     
   2.5215215215215214        5.1278898484348288     
   2.5265265265265264        5.1447942590891209     
   2.5315315315315314        5.1617188594204020     
   2.5365365365365364        5.1786636358296549     
   2.5415415415415414        5.1956285747464284     
   2.5465465465465464        5.2126136626287654     
   2.5515515515515514        5.2296188859631298     
   2.5565565565565564        5.2466442312643320     
   2.5615615615615615        5.2636896850754562     
   2.5665665665665665        5.2807552339677875     
   2.5715715715715715        5.2978408645407358     
   2.5765765765765765        5.3149465634217634     
   2.5815815815815815        5.3320723172663120     
   2.5865865865865865        5.3492181127577281     
   2.5915915915915915        5.3663839366071899     
   2.5965965965965965        5.3835697755536334     
   2.6016016016016015        5.4007756163636786     
   2.6066066066066069        5.4180014458315560     
   2.6116116116116119        5.4352472507790317     
   2.6166166166166169        5.4525130180553338     
   2.6216216216216219        5.4697987345370809     
   2.6266266266266269        5.4871043871282055     
   2.6316316316316319        5.5044299627598825     
   2.6366366366366369        5.5217754483904544     
   2.6416416416416419        5.5391408310053594     
   2.6466466466466469        5.5565260976170547     
   2.6516516516516520        5.5739312352649470     
   2.6566566566566570        5.5913562310153155     
   2.6616616616616620        5.6088010719612402     
   2.6666666666666670        5.6262657452225291     
   2.6716716716716720        5.6437502379456443     
   2.6766766766766770        5.6612545373036269     
   2.6816816816816820        5.6787786304960282     
   2.6866866866866870        5.6963225047488315     
   2.6916916916916920        5.7138861473143834     
   2.6966966966966970        5.7314695454713185     
   2.7017017017017020        5.7490726865244861     
   2.7067067067067070        5.7666955578048809     
   2.7117117117117120        5.7843381466695662     
   2.7167167167167170        5.8020004405016055     
   2.7217217217217220        5.8196824267099858     
   2.7267267267267270        5.8373840927295468     
   2.7317317317317320        5.8551054260209110     
   2.7367367367367370        5.8728464140704082     
   2.7417417417417420        5.8906070443900047     
   2.7467467467467470        5.9083873045172313     
   2.7517517517517520        5.9261871820151111     
   2.7567567567567570        5.9440066644720888     
   2.7617617617617620        5.9618457395019595     
   2.7667667667667670        5.9797043947437958     
   2.7717717717717720        5.9975826178618767     
   2.7767767767767770        6.0154803965456161     
   2.7817817817817820        6.0333977185094918     
   2.7867867867867870        6.0513345714929763     
   2.7917917917917920        6.0692909432604631     
   2.7967967967967970        6.0872668216011974     
   2.8018018018018020        6.1052621943292058     
   2.8068068068068071        6.1232770492832254     
   2.8118118118118121        6.1413113743266328     
   2.8168168168168171        6.1593651573473762     
   2.8218218218218221        6.1774383862579025     
   2.8268268268268271        6.1955310489950897     
   2.8318318318318321        6.2136431335201747     
   2.8368368368368371        6.2317746278186865     
   2.8418418418418421        6.2499255199003745     
   2.8468468468468471        6.2680957977991403     
   2.8518518518518521        6.2862854495729685     
   2.8568568568568571        6.3044944633038567     
   2.8618618618618621        6.3227228270977482     
   2.8668668668668671        6.3409705290844629     
   2.8718718718718721        6.3592375574176279     
   2.8768768768768771        6.3775239002746096     
   2.8818818818818821        6.3958295458564445     
   2.8868868868868871        6.4141544823877732     
   2.8918918918918921        6.4324986981167704     
   2.8968968968968971        6.4508621813150784     
   2.9019019019019021        6.4692449202777400     
   2.9069069069069071        6.4876469033231281     
   2.9119119119119121        6.5060681187928830     
   2.9169169169169171        6.5245085550518409     
   2.9219219219219221        6.5429682004879712     
   2.9269269269269271        6.5614470435123060     
   2.9319319319319321        6.5799450725588748     
   2.9369369369369371        6.5984622760846383     
   2.9419419419419421        6.6169986425694223     
   2.9469469469469471        6.6355541605158503     
   2.9519519519519521        6.6541288184492808     
   2.9569569569569571        6.6727226049177375     
   2.9619619619619622        6.6913355084918473     
   2.9669669669669672        6.7099675177647722     
   2.9719719719719722        6.7286186213521448     
   2.9769769769769772        6.7472888078920050     
   2.9819819819819822        6.7659780660447328     
   2.9869869869869872        6.7846863844929857     
   2.9919919919919922        6.8034137519416324     
   2.9969969969969972        6.8221601571176889     
   3.0020020020020022        6.8409255887702551     
   3.0070070070070072        6.8597100356704486     
   3.0120120120120122        6.8785134866113440     
   3.0170170170170172        6.8973359304079063     
   3.0220220220220222        6.9161773558969308     
   3.0270270270270272        6.9350377519369761     
   3.0320320320320322        6.9539171074083050     
   3.0370370370370372        6.9728154112128173     
   3.0420420420420422        6.9917326522739911     
   3.0470470470470472        7.0106688195368170     
   3.0520520520520522        7.0296239019677378     
   3.0570570570570572        7.0485978885545855     
   3.0620620620620622        7.0675907683065198     
   3.0670670670670672        7.0866025302539661     
   3.0720720720720722        7.1056331634485526     
   3.0770770770770772        7.1246826569630519     
   3.0820820820820822        7.1437509998913145     
   3.0870870870870872        7.1628381813482136     
   3.0920920920920922        7.1819441904695793     
   3.0970970970970972        7.2010690164121423     
   3.1021021021021022        7.2202126483534688     
   3.1071071071071072        7.2393750754919042     
   3.1121121121121122        7.2585562870465106     
   3.1171171171171173        7.2777562722570073     
   3.1221221221221223        7.2969750203837105     
   3.1271271271271273        7.3162125207074737     
   3.1321321321321323        7.3354687625296311     
   3.1371371371371373        7.3547437351719331     
   3.1421421421421423        7.3740374279764929     
   3.1471471471471473        7.3933498303057226     
   3.1521521521521523        7.4126809315422761     
   3.1571571571571573        7.4320307210889913     
   3.1621621621621623        7.4513991883688329     
   3.1671671671671673        7.4707863228248312     
   3.1721721721721723        7.4901921139200276     
   3.1771771771771773        7.5096165511374133     
   3.1821821821821823        7.5290596239798724     
   3.1871871871871873        7.5485213219701270     
   3.1921921921921923        7.5680016346506784     
   3.1971971971971973        7.5875005515837479     
   3.2022022022022023        7.6070180623512238     
   3.2072072072072073        7.6265541565546018     
   3.2122122122122123        7.6461088238149291     
   3.2172172172172173        7.6656820537727484     
   3.2222222222222223        7.6852738360880419     
   3.2272272272272273        7.7048841604401748     
   3.2322322322322323        7.7245130165278386     
   3.2372372372372373        7.7441603940689987     
   3.2422422422422423        7.7638262828008351     
   3.2472472472472473        7.7835106724796894     
   3.2522522522522523        7.8032135528810080     
   3.2572572572572573        7.8229349137992887     
   3.2622622622622623        7.8426747450480256     
   3.2672672672672673        7.8624330364596533     
   3.2722722722722724        7.8822097778854951     
   3.2772772772772774        7.9020049591957067     
   3.2822822822822824        7.9218185702792212     
   3.2872872872872874        7.9416506010436994     
   3.2922922922922924        7.9615010414154712     
   3.2972972972972974        7.9813698813394849     
   3.3023023023023024        8.0012571107792532     
   3.3073073073073074        8.0211627197168003     
   3.3123123123123124        8.0410866981526077     
   3.3173173173173174        8.0610290361055661     
   3.3223223223223224        8.0809897236129160     
   3.3273273273273274        8.1009687507301980     
   3.3323323323323324        8.1209661075312027     
   3.3373373373373374        8.1409817841079146     
   3.3423423423423424        8.1610157705704633     
   3.3473473473473474        8.1810680570470709     
   3.3523523523523524        8.2011386336839980     
   3.3573573573573574        8.2212274906454983     
   3.3623623623623624        8.2413346181137594     
   3.3673673673673674        8.2614600062888588     
   3.3723723723723724        8.2816036453887083     
   3.3773773773773774        8.3017655256490066     
   3.3823823823823824        8.3219456373231857     
   3.3873873873873874        8.3421439706823630     
   3.3923923923923924        8.3623605160152881     
   3.3973973973973974        8.3825952636282963     
   3.4024024024024024        8.4028482038452559     
   3.4074074074074074        8.4231193270075213     
   3.4124124124124124        8.4434086234738803     
   3.4174174174174174        8.4637160836205059     
   3.4224224224224224        8.4840416978409081     
   3.4274274274274275        8.5043854565458830     
   3.4324324324324325        8.5247473501634676     
   3.4374374374374375        8.5451273691388856     
   3.4424424424424425        8.5655255039345040     
   3.4474474474474475        8.5859417450297801     
   3.4524524524524525        8.6063760829212175     
   3.4574574574574575        8.6268285081223137     
   3.4624624624624625        8.6472990111635184     
   3.4674674674674675        8.6677875825921795     
   3.4724724724724725        8.6882942129724974     
   3.4774774774774775        8.7088188928854784     
   3.4824824824824825        8.7293616129288854     
   3.4874874874874875        8.7499223637171966     
   3.4924924924924925        8.7705011358815526     
   3.4974974974974975        8.7910979200697117     
   3.5025025025025025        8.8117127069460022     
   3.5075075075075075        8.8323454871912777     
   3.5125125125125125        8.8529962515028711     
   3.5175175175175175        8.8736649905945448     
   3.5225225225225225        8.8943516951964501     
   3.5275275275275275        8.9150563560550768     
   3.5325325325325325        8.9357789639332097     
   3.5375375375375375        8.9565195096098833     
   3.5425425425425425        8.9772779838803363     
   3.5475475475475475        8.9980543775559649     
   3.5525525525525525        9.0188486814642790     
   3.5575575575575575        9.0396608864488552     
   3.5625625625625625        9.0604909833692950     
   3.5675675675675675        9.0813389631011798     
   3.5725725725725725        9.1022048165360268     
   3.5775775775775776        9.1230885345812425     
   3.5825825825825826        9.1439901081600805     
   3.5875875875875876        9.1649095282115969     
   3.5925925925925926        9.1858467856906056     
   3.5975975975975976        9.2068018715676363     
   3.6026026026026026        9.2277747768288876     
   3.6076076076076076        9.2487654924761884     
   3.6126126126126126        9.2697740095269516     
   3.6176176176176176        9.2908003190141351     
   3.6226226226226226        9.3118444119861916     
   3.6276276276276276        9.3329062795070339     
   3.6326326326326326        9.3539859126559826     
   3.6376376376376376        9.3750833025277345     
   3.6426426426426426        9.3961984402323129     
   3.6476476476476476        9.4173313168950266     
   3.6526526526526526        9.4384819236564290     
   3.6576576576576576        9.4596502516722758     
   3.6626626626626626        9.4808362921134854     
   3.6676676676676676        9.5020400361660950     
   3.6726726726726726        9.5232614750312159     
   3.6776776776776776        9.5445005999250014     
   3.6826826826826826        9.5657574020785958     
   3.6876876876876876        9.5870318727380983     
   3.6926926926926926        9.6083240031645225     
   3.6976976976976976        9.6296337846337519     
   3.7027027027027026        9.6509612084365042     
   3.7077077077077076        9.6723062658782872     
   3.7127127127127126        9.6936689482793597     
   3.7177177177177176        9.7150492469746919     
   3.7227227227227226        9.7364471533139234     
   3.7277277277277276        9.7578626586613275     
   3.7327327327327327        9.7792957543957630     
   3.7377377377377377        9.8007464319106443     
   3.7427427427427427        9.8222146826138967     
   3.7477477477477477        9.8437004979279159     
   3.7527527527527527        9.8652038692895356     
   3.7577577577577577        9.8867247881499800     
   3.7627627627627627        9.9082632459748297     
   3.7677677677677677        9.9298192342439826     
   3.7727727727727727        9.9513927444516099     
   3.7777777777777777        9.9729837681061273     
   3.7827827827827827        9.9945922967301470     
   3.7877877877877877        10.016218321860448     
   3.7927927927927927        10.037861835047929     
   3.7977977977977977        10.059522827857576     
   3.8028028028028027        10.081201291868421     
   3.8078078078078077        10.102897218673510     
   3.8128128128128127        10.124610599879858     
   3.8178178178178177        10.146341427108419     
   3.8228228228228227        10.168089691994044     
   3.8278278278278277        10.189855386185442     
   3.8328328328328327        10.211638501345149     
   3.8378378378378377        10.233439029149483     
   3.8428428428428427        10.255256961288515     
   3.8478478478478477        10.277092289466026     
   3.8528528528528527        10.298945005399474     
   3.8578578578578577        10.320815100819962     
   3.8628628628628627        10.342702567472186     
   3.8678678678678677        10.364607397114417     
   3.8728728728728727        10.386529581518454     
   3.8778778778778777        10.408469112469591     
   3.8828828828828827        10.430425981766581     
   3.8878878878878878        10.452400181221599     
   3.8928928928928928        10.474391702660208     
   3.8978978978978978        10.496400537921325     
   3.9029029029029028        10.518426678857182     
   3.9079079079079078        10.540470117333294     
   3.9129129129129128        10.562530845228421     
   3.9179179179179178        10.584608854434533     
   3.9229229229229228        10.606704136856777     
   3.9279279279279278        10.628816684413442     
   3.9329329329329328        10.650946489035924     
   3.9379379379379378        10.673093542668692     
   3.9429429429429428        10.695257837269253     
   3.9479479479479478        10.717439364808117     
   3.9529529529529528        10.739638117268763     
   3.9579579579579578        10.761854086647602     
   3.9629629629629628        10.784087264953953     
   3.9679679679679678        10.806337644209995     
   3.9729729729729728        10.828605216450747     
   3.9779779779779778        10.850889973724025     
   3.9829829829829828        10.873191908090410     
   3.9879879879879878        10.895511011623222     
   3.9929929929929928        10.917847276408477     
   3.9979979979979978        10.940200694544856     
   4.0030030030030028        10.962571258143678     
   4.0080080080080078        10.984958959328859     
   4.0130130130130128        11.007363790236885     
   4.0180180180180178        11.029785743016779     
   4.0230230230230228        11.052224809830063     
   4.0280280280280278        11.074680982850730     
   4.0330330330330328        11.097154254265210     
   4.0380380380380378        11.119644616272339     
   4.0430430430430429        11.142152061083330     
   4.0480480480480479        11.164676580921732     
   4.0530530530530529        11.187218168023406     
   4.0580580580580579        11.209776814636493     
   4.0630630630630629        11.232352513021375     
   4.0680680680680679        11.254945255450652     
   4.0730730730730729        11.277555034209103     
   4.0780780780780779        11.300181841593659     
   4.0830830830830829        11.322825669913373     
   4.0880880880880879        11.345486511489383     
   4.0930930930930929        11.368164358654889     
   4.0980980980980979        11.390859203755115     
   4.1031031031031029        11.413571039147280     
   4.1081081081081079        11.436299857200572     
   4.1131131131131129        11.459045650296110     
   4.1181181181181179        11.481808410826918     
   4.1231231231231229        11.504588131197893     
   4.1281281281281279        11.527384803825775     
   4.1331331331331329        11.550198421139115     
   4.1381381381381379        11.573028975578248     
   4.1431431431431429        11.595876459595262     
   4.1481481481481479        11.618740865653967     
   4.1531531531531529        11.641622186229865     
   4.1581581581581579        11.664520413810124     
   4.1631631631631629        11.687435540893539     
   4.1681681681681679        11.710367559990514     
   4.1731731731731729        11.733316463623026     
   4.1781781781781779        11.756282244324598     
   4.1831831831831829        11.779264894640267     
   4.1881881881881879        11.802264407126554     
   4.1931931931931929        11.825280774351441     
   4.1981981981981980        11.848313988894338     
   4.2032032032032030        11.871364043346054     
   4.2082082082082088        11.894430930308767     
   4.2132132132132138        11.917514642396000     
   4.2182182182182189        11.940615172232587     
   4.2232232232232239        11.963732512454650     
   4.2282282282282289        11.986866655709566     
   4.2332332332332339        12.010017594655942     
   4.2382382382382389        12.033185321963584     
   4.2432432432432439        12.056369830313470     
   4.2482482482482489        12.079571112397721     
   4.2532532532532539        12.102789160919576     
   4.2582582582582589        12.126023968593358     
   4.2632632632632639        12.149275528144457     
   4.2682682682682689        12.172543832309289     
   4.2732732732732739        12.195828873835280     
   4.2782782782782789        12.219130645480831     
   4.2832832832832839        12.242449140015298     
   4.2882882882882889        12.265784350218956     
   4.2932932932932939        12.289136268882981     
   4.2982982982982989        12.312504888809414     
   4.3033033033033039        12.335890202811138     
   4.3083083083083089        12.359292203711851     
   4.3133133133133139        12.382710884346041     
   4.3183183183183189        12.406146237558959     
   4.3233233233233239        12.429598256206587     
   4.3283283283283289        12.453066933155618     
   4.3333333333333339        12.476552261283425     
   4.3383383383383389        12.500054233478036     
   4.3433433433433439        12.523572842638108     
   4.3483483483483489        12.547108081672905     
   4.3533533533533539        12.570659943502262     
   4.3583583583583589        12.594228421056570     
   4.3633633633633639        12.617813507276741     
   4.3683683683683689        12.641415195114188     
   4.3733733733733740        12.665033477530796     
   4.3783783783783790        12.688668347498897     
   4.3833833833833840        12.712319798001246     
   4.3883883883883890        12.735987822030996     
   4.3933933933933940        12.759672412591666     
   4.3983983983983990        12.783373562697125     
   4.4034034034034040        12.807091265371561     
   4.4084084084084090        12.830825513649456     
   4.4134134134134140        12.854576300575564     
   4.4184184184184190        12.878343619204880     
   4.4234234234234240        12.902127462602621     
   4.4284284284284290        12.925927823844200     
   4.4334334334334340        12.949744696015197     
   4.4384384384384390        12.973578072211341     
   4.4434434434434440        12.997427945538480     
   4.4484484484484490        13.021294309112559     
   4.4534534534534540        13.045177156059596     
   4.4584584584584590        13.069076479515655     
   4.4634634634634640        13.092992272626823     
   4.4684684684684690        13.116924528549186     
   4.4734734734734740        13.140873240448805     
   4.4784784784784790        13.164838401501690     
   4.4834834834834840        13.188820004893779     
   4.4884884884884890        13.212818043820915     
   4.4934934934934940        13.236832511488817     
   4.4984984984984990        13.260863401113061     
   4.5035035035035040        13.284910705919055     
   4.5085085085085090        13.308974419142011     
   4.5135135135135140        13.333054534026928     
   4.5185185185185190        13.357151043828567     
   4.5235235235235240        13.381263941811424     
   4.5285285285285291        13.405393221249710     
   4.5335335335335341        13.429538875427328     
   4.5385385385385391        13.453700897637848     
   4.5435435435435441        13.477879281184485     
   4.5485485485485491        13.502074019380077     
   4.5535535535535541        13.526285105547057     
   4.5585585585585591        13.550512533017438     
   4.5635635635635641        13.574756295132783     
   4.5685685685685691        13.599016385244186     
   4.5735735735735741        13.623292796712249     
   4.5785785785785791        13.647585522907061     
   4.5835835835835841        13.671894557208169     
   4.5885885885885891        13.696219893004567     
   4.5935935935935941        13.720561523694661     
   4.5985985985985991        13.744919442686257     
   4.6036036036036041        13.769293643396532     
   4.6086086086086091        13.793684119252013     
   4.6136136136136141        13.818090863688560     
   4.6186186186186191        13.842513870151338     
   4.6236236236236241        13.866953132094796     
   4.6286286286286291        13.891408642982650     
   4.6336336336336341        13.915880396287854     
   4.6386386386386391        13.940368385492583     
   4.6436436436436441        13.964872604088210     
   4.6486486486486491        13.989393045575287     
   4.6536536536536541        14.013929703463518     
   4.6586586586586591        14.038482571271741     
   4.6636636636636641        14.063051642527908     
   4.6686686686686691        14.087636910769062     
   4.6736736736736741        14.112238369541314     
   4.6786786786786791        14.136856012399827     
   4.6836836836836842        14.161489832908787     
   4.6886886886886892        14.186139824641391     
   4.6936936936936942        14.210805981179815     
   4.6986986986986992        14.235488296115207     
   4.7037037037037042        14.260186763047654     
   4.7087087087087092        14.284901375586168     
   4.7137137137137142        14.309632127348662     
   4.7187187187187192        14.334379011961932     
   4.7237237237237242        14.359142023061633     
   4.7287287287287292        14.383921154292263     
   4.7337337337337342        14.408716399307139     
   4.7387387387387392        14.433527751768374     
   4.7437437437437442        14.458355205346864     
   4.7487487487487492        14.483198753722263     
   4.7537537537537542        14.508058390582967     
   4.7587587587587592        14.532934109626087     
   4.7637637637637642        14.557825904557436     
   4.7687687687687692        14.582733769091503     
   4.7737737737737742        14.607657696951435     
   4.7787787787787792        14.632597681869019     
   4.7837837837837842        14.657553717584660     
   4.7887887887887892        14.682525797847363     
   4.7937937937937942        14.707513916414715     
   4.7987987987987992        14.732518067052858     
   4.8038038038038042        14.757538243536478     
   4.8088088088088092        14.782574439648780     
   4.8138138138138142        14.807626649181469     
   4.8188188188188192        14.832694865934734     
   4.8238238238238242        14.857779083717228     
   4.8288288288288292        14.882879296346044     
   4.8338338338338342        14.907995497646702     
   4.8388388388388393        14.933127681453126     
   4.8438438438438443        14.958275841607625     
   4.8488488488488493        14.983439971960875     
   4.8538538538538543        15.008620066371902     
   4.8588588588588593        15.033816118708058     
   4.8638638638638643        15.059028122845008     
   4.8688688688688693        15.084256072666706     
   4.8738738738738743        15.109499962065378     
   4.8788788788788793        15.134759784941506     
   4.8838838838838843        15.160035535203805     
   4.8888888888888893        15.185327206769209     
   4.8938938938938943        15.210634793562846     
   4.8988988988988993        15.235958289518027     
   4.9039039039039043        15.261297688576224     
   4.9089089089089093        15.286652984687052     
   4.9139139139139143        15.312024171808250     
   4.9189189189189193        15.337411243905667     
   4.9239239239239243        15.362814194953234     
   4.9289289289289293        15.388233018932956     
   4.9339339339339343        15.413667709834890     
   4.9389389389389393        15.439118261657121     
   4.9439439439439443        15.464584668405760     
   4.9489489489489493        15.490066924094906     
   4.9539539539539543        15.515565022746648     
   4.9589589589589593        15.541078958391029     
   4.9639639639639643        15.566608725066043     
   4.9689689689689693        15.592154316817608     
   4.9739739739739743        15.617715727699549     
   4.9789789789789793        15.643292951773590     
   4.9839839839839843        15.668885983109325     
   4.9889889889889893        15.694494815784203     
   4.9939939939939944        15.720119443883517     
   4.9989989989989994        15.745759861500378     
   5.0040040040040044        15.771416062735703     
   5.0090090090090094        15.797088041698199     
   5.0140140140140144        15.822775792504340     
   5.0190190190190194        15.848479309278355     
   5.0240240240240244        15.874198586152207     
   5.0290290290290294        15.899933617265583     
   5.0340340340340344        15.925684396765867     
   5.0390390390390394        15.951450918808128     
   5.0440440440440444        15.977233177555105     
   5.0490490490490494        16.003031167177188     
   5.0540540540540544        16.028844881852400     
   5.0590590590590594        16.054674315766384     
   5.0640640640640644        16.080519463112385     
   5.0690690690690694        16.106380318091226     
   5.0740740740740744        16.132256874911306     
   5.0790790790790794        16.158149127788572     
   5.0840840840840844        16.184057070946505     
   5.0890890890890894        16.209980698616107     
   5.0940940940940944        16.235920005035879     
   5.0990990990990994        16.261874984451808     
   5.1041041041041044        16.287845631117346     
   5.1091091091091094        16.313831939293404     
   5.1141141141141144        16.339833903248330     
   5.1191191191191194        16.365851517257891     
   5.1241241241241244        16.391884775605256     
   5.1291291291291294        16.417933672580986     
   5.1341341341341344        16.443998202483012     
   5.1391391391391394        16.470078359616625     
   5.1441441441441444        16.496174138294453     
   5.1491491491491495        16.522285532836449     
   5.1541541541541545        16.548412537569874     
   5.1591591591591595        16.574555146829287     
   5.1641641641641645        16.600713354956522     
   5.1691691691691695        16.626887156300675     
   5.1741741741741745        16.653076545218088     
   5.1791791791791795        16.679281516072329     
   5.1841841841841845        16.705502063234185     
   5.1891891891891895        16.731738181081642     
   5.1941941941941945        16.757989863999871     
   5.1991991991991995        16.784257106381212     
   5.2042042042042045        16.810539902625155     
   5.2092092092092095        16.836838247138335     
   5.2142142142142145        16.863152134334499     
   5.2192192192192195        16.889481558634504     
   5.2242242242242245        16.915826514466303     
   5.2292292292292295        16.942186996264926     
   5.2342342342342345        16.968562998472468     
   5.2392392392392395        16.994954515538065     
   5.2442442442442445        17.021361541917891     
   5.2492492492492495        17.047784072075125     
   5.2542542542542545        17.074222100479957     
   5.2592592592592595        17.100675621609565     
   5.2642642642642645        17.127144629948098     
   5.2692692692692695        17.153629119986665     
   5.2742742742742745        17.180129086223310     
   5.2792792792792795        17.206644523163014     
   5.2842842842842845        17.233175425317665     
   5.2892892892892895        17.259721787206054     
   5.2942942942942945        17.286283603353851     
   5.2992992992992995        17.312860868293601     
   5.3043043043043046        17.339453576564701     
   5.3093093093093096        17.366061722713390     
   5.3143143143143146        17.392685301292733     
   5.3193193193193196        17.419324306862606     
   5.3243243243243246        17.445978733989683     
   5.3293293293293296        17.472648577247426     
   5.3343343343343346        17.499333831216063     
   5.3393393393393396        17.526034490482573     
   5.3443443443443446        17.552750549640681     
   5.3493493493493496        17.579482003290835     
   5.3543543543543546        17.606228846040199     
   5.3593593593593596        17.632991072502634     
   5.3643643643643646        17.659768677298690     
   5.3693693693693696        17.686561655055584     
   5.3743743743743746        17.713370000407188     
   5.3793793793793796        17.740193707994017     
   5.3843843843843846        17.767032772463217     
   5.3893893893893896        17.793887188468549     
   5.3943943943943946        17.820756950670376     
   5.3993993993993996        17.847642053735644     
   5.4044044044044046        17.874542492337881     
   5.4094094094094096        17.901458261157170     
   5.4144144144144146        17.928389354880142     
   5.4194194194194196        17.955335768199962     
   5.4244244244244246        17.982297495816315     
   5.4294294294294296        18.009274532435388     
   5.4344344344344346        18.036266872769865     
   5.4394394394394396        18.063274511538911     
   5.4444444444444446        18.090297443468152     
   5.4494494494494496        18.117335663289673     
   5.4544544544544546        18.144389165741995     
   5.4594594594594597        18.171457945570062     
   5.4644644644644647        18.198541997525236     
   5.4694694694694697        18.225641316365280     
   5.4744744744744747        18.252755896854339     
   5.4794794794794797        18.279885733762935     
   5.4844844844844847        18.307030821867947     
   5.4894894894894897        18.334191155952603     
   5.4944944944944947        18.361366730806466     
   5.4994994994994997        18.388557541225421     
   5.5045045045045047        18.415763582011657     
   5.5095095095095097        18.442984847973669     
   5.5145145145145147        18.470221333926226     
   5.5195195195195197        18.497473034690369     
   5.5245245245245247        18.524739945093398     
   5.5295295295295297        18.552022059968852     
   5.5345345345345347        18.579319374156508     
   5.5395395395395397        18.606631882502363     
   5.5445445445445447        18.633959579858612     
   5.5495495495495497        18.661302461083654     
   5.5545545545545547        18.688660521042063     
   5.5595595595595597        18.716033754604585     
   5.5645645645645647        18.743422156648119     
   5.5695695695695697        18.770825722055712     
   5.5745745745745747        18.798244445716541     
   5.5795795795795797        18.825678322525903     
   5.5845845845845847        18.853127347385197     
   5.5895895895895897        18.880591515201917     
   5.5945945945945947        18.908070820889648     
   5.5995995995995997        18.935565259368037     
   5.6046046046046047        18.963074825562792     
   5.6096096096096097        18.990599514405663     
   5.6146146146146148        19.018139320834436     
   5.6196196196196198        19.045694239792919     
   5.6246246246246248        19.073264266230929     
   5.6296296296296298        19.100849395104280     
   5.6346346346346348        19.128449621374767     
   5.6396396396396398        19.156064940010161     
   5.6446446446446448        19.183695345984191     
   5.6496496496496498        19.211340834276541     
   5.6546546546546548        19.239001399872830     
   5.6596596596596598        19.266677037764605     
   5.6646646646646648        19.294367742949323     
   5.6696696696696698        19.322073510430346     
   5.6746746746746748        19.349794335216927     
   5.6796796796796798        19.377530212324192     
   5.6846846846846848        19.405281136773137     
   5.6896896896896898        19.433047103590614     
   5.6946946946946948        19.460828107809309     
   5.6996996996996998        19.488624144467753     
   5.7047047047047048        19.516435208610293     
   5.7097097097097098        19.544261295287082     
   5.7147147147147148        19.572102399554076     
   5.7197197197197198        19.599958516473013     
   5.7247247247247248        19.627829641111404     
   5.7297297297297298        19.655715768542525     
   5.7347347347347348        19.683616893845404     
   5.7397397397397398        19.711533012104809     
   5.7447447447447448        19.739464118411234     
   5.7497497497497498        19.767410207860898     
   5.7547547547547548        19.795371275555720     
   5.7597597597597598        19.823347316603318     
   5.7647647647647648        19.851338326116995     
   5.7697697697697699        19.879344299215720     
   5.7747747747747749        19.907365231024134     
   5.7797797797797799        19.935401116672519     
   5.7847847847847849        19.963451951296804     
   5.7897897897897899        19.991517730038542     
   5.7947947947947949        20.019598448044906     
   5.7997997997997999        20.047694100468675     
   5.8048048048048049        20.075804682468220     
   5.8098098098098099        20.103930189207503     
   5.8148148148148149        20.132070615856055     
   5.8198198198198199        20.160225957588974     
   5.8248248248248249        20.188396209586909     
   5.8298298298298299        20.216581367036049     
   5.8348348348348349        20.244781425128114     
   5.8398398398398399        20.272996379060345     
   5.8448448448448449        20.301226224035492     
   5.8498498498498499        20.329470955261808     
   5.8548548548548549        20.357730567953023     
   5.8598598598598599        20.386005057328354     
   5.8648648648648649        20.414294418612478     
   5.8698698698698699        20.442598647035535     
   5.8748748748748749        20.470917737833105     
   5.8798798798798799        20.499251686246204     
   5.8848848848848849        20.527600487521276     
   5.8898898898898899        20.555964136910177     
   5.8948948948948949        20.584342629670164     
   5.8998998998998999        20.612735961063890     
   5.9049049049049049        20.641144126359389     
   5.9099099099099099        20.669567120830070     
   5.9149149149149149        20.698004939754703     
   5.9199199199199199        20.726457578417417     
   5.9249249249249250        20.754925032107671     
   5.9299299299299300        20.783407296120263     
   5.9349349349349350        20.811904365755311     
   5.9399399399399400        20.840416236318237     
   5.9449449449449450        20.868942903119777     
   5.9499499499499500        20.897484361475946     
   5.9549549549549550        20.926040606708046     
   5.9599599599599600        20.954611634142648     
   5.9649649649649650        20.983197439111581     
   5.9699699699699700        21.011798016951936     
   5.9749749749749750        21.040413363006031     
   5.9799799799799800        21.069043472621424     
   5.9849849849849850        21.097688341150885     
   5.9899899899899900        21.126347963952401     
   5.9949949949949950        21.155022336389159     
   6.0000000000000000        21.183711453829538     
