   1.0000000000000000        1.0000000000000000     
   1.0050050050050050        1.0050300134963153     
   1.0100100100100100        1.0101098792886054     
   1.0150150150150150        1.0152393540011928     
   1.0200200200200200        1.0204181990351542     
   1.0250250250250250        1.0256461804517021     
   1.0300300300300300        1.0309230688589639     
   1.0350350350350350        1.0362486393020474     
   1.0400400400400400        1.0416226711562793     
   1.0450450450450450        1.0470449480235129     
   1.0500500500500500        1.0525152576314003     
   1.0550550550550550        1.0580333917355316     
   1.0600600600600600        1.0635991460243475     
   1.0650650650650650        1.0692123200267309     
   1.0700700700700700        1.0748727170221941     
   1.0750750750750750        1.0805801439535732     
   1.0800800800800801        1.0863344113421500     
   1.0850850850850851        1.0921353332051238     
   1.0900900900900901        1.0979827269753559     
   1.0950950950950951        1.1038764134233157     
   1.1001001001001001        1.1098162165811556     
   1.1051051051051051        1.1158019636688523     
   1.1101101101101101        1.1218334850223426     
   1.1151151151151151        1.1279106140235973     
   1.1201201201201201        1.1340331870325671     
   1.1251251251251251        1.1402010433209484     
   1.1301301301301301        1.1464140250077057     
   1.1351351351351351        1.1526719769963012     
   1.1401401401401401        1.1589747469135783     
   1.1451451451451451        1.1653221850502464     
   1.1501501501501501        1.1717141443029209     
   1.1551551551551551        1.1781504801176697     
   1.1601601601601601        1.1846310504350193     
   1.1651651651651651        1.1911557156363817     
   1.1701701701701701        1.1977243384918523     
   1.1751751751751751        1.2043367841093449     
   1.1801801801801801        1.2109929198850180     
   1.1851851851851851        1.2176926154549612     
   1.1901901901901901        1.2244357426480956     
   1.1951951951951951        1.2312221754402628     
   1.2002002002002001        1.2380517899094579     
   1.2052052052052051        1.2449244641921815     
   1.2102102102102101        1.2518400784408727     
   1.2152152152152151        1.2587985147823952     
   1.2202202202202201        1.2657996572775447     
   1.2252252252252251        1.2728433918815476     
   1.2302302302302301        1.2799296064055261     
   1.2352352352352352        1.2870581904788991     
   1.2402402402402402        1.2942290355126920     
   1.2452452452452452        1.3014420346637343     
   1.2502502502502502        1.3086970827997149     
   1.2552552552552552        1.3159940764650735     
   1.2602602602602602        1.3233329138477070     
   1.2652652652652652        1.3307134947464621     
   1.2702702702702702        1.3381357205394007     
   1.2752752752752752        1.3455994941528093     
   1.2802802802802802        1.3531047200309372     
   1.2852852852852852        1.3606513041064412     
   1.2902902902902902        1.3682391537715182     
   1.2952952952952952        1.3758681778497057     
   1.3003003003003002        1.3835382865683372     
   1.3053053053053052        1.3912493915316266     
   1.3103103103103102        1.3990014056943731     
   1.3153153153153152        1.4067942433362646     
   1.3203203203203202        1.4146278200367668     
   1.3253253253253252        1.4225020526505796     
   1.3303303303303302        1.4304168592836490     
   1.3353353353353352        1.4383721592697183     
   1.3403403403403402        1.4463678731474032     
   1.3453453453453452        1.4544039226377814     
   1.3503503503503502        1.4624802306224771     
   1.3553553553553552        1.4705967211222342     
   1.3603603603603602        1.4787533192759610     
   1.3653653653653652        1.4869499513202353     
   1.3703703703703702        1.4951865445692603     
   1.3753753753753752        1.5034630273952563     
   1.3803803803803802        1.5117793292092800     
   1.3853853853853852        1.5201353804424600     
   1.3903903903903903        1.5285311125276357     
   1.3953953953953953        1.5369664578813946     
   1.4004004004004003        1.5454413498864905     
   1.4054054054054055        1.5539557228746419     
   1.4104104104104105        1.5625095121096921     
   1.4154154154154155        1.5711026537711308     
   1.4204204204204205        1.5797350849379623     
   1.4254254254254255        1.5884067435729117     
   1.4304304304304305        1.5971175685069658     
   1.4354354354354355        1.6058674994242361     
   1.4404404404404405        1.6146564768471365     
   1.4454454454454455        1.6234844421218702     
   1.4504504504504505        1.6323513374042165     
   1.4554554554554555        1.6412571056456116     
   1.4604604604604605        1.6502016905795145     
   1.4654654654654655        1.6591850367080516     
   1.4704704704704705        1.6682070892889380     
   1.4754754754754755        1.6772677943226602     
   1.4804804804804805        1.6863670985399206     
   1.4854854854854855        1.6955049493893370     
   1.4904904904904905        1.7046812950253891     
   1.4954954954954955        1.7138960842966053     
   1.5005005005005005        1.7231492667339903     
   1.5055055055055055        1.7324407925396770     
   1.5105105105105106        1.7417706125758114     
   1.5155155155155156        1.7511386783536520     
   1.5205205205205206        1.7605449420228871     
   1.5255255255255256        1.7699893563611615     
   1.5305305305305306        1.7794718747638094     
   1.5355355355355356        1.7889924512337885     
   1.5405405405405406        1.7985510403718086     
   1.5455455455455456        1.8081475973666525     
   1.5505505505505506        1.8177820779856861     
   1.5555555555555556        1.8274544385655496     
   1.5605605605605606        1.8371646360030298     
   1.5655655655655656        1.8469126277461041     
   1.5705705705705706        1.8566983717851604     
   1.5755755755755756        1.8665218266443806     
   1.5805805805805806        1.8763829513732890     
   1.5855855855855856        1.8862817055384622     
   1.5905905905905906        1.8962180492153931     
   1.5955955955955956        1.9061919429805090     
   1.6006006006006006        1.9162033479033407     
   1.6056056056056056        1.9262522255388355     
   1.6106106106106106        1.9363385379198168     
   1.6156156156156156        1.9464622475495803     
   1.6206206206206206        1.9566233173946301     
   1.6256256256256256        1.9668217108775483     
   1.6306306306306306        1.9770573918699945     
   1.6356356356356356        1.9873303246858358     
   1.6406406406406406        1.9976404740744025     
   1.6456456456456456        2.0079878052138631     
   1.6506506506506506        2.0183722837047275     
   1.6556556556556556        2.0287938755634585     
   1.6606606606606606        2.0392525472162069     
   1.6656656656656657        2.0497482654926555     
   1.6706706706706707        2.0602809976199739     
   1.6756756756756757        2.0708507112168837     
   1.6806806806806807        2.0814573742878264     
   1.6856856856856857        2.0921009552172385     
   1.6906906906906907        2.1027814227639272     
   1.6956956956956957        2.1134987460555452     
   1.7007007007007007        2.1242528945831620     
   1.7057057057057057        2.1350438381959340     
   1.7107107107107107        2.1458715470958651     
   1.7157157157157157        2.1567359918326598     
   1.7207207207207207        2.1676371432986685     
   1.7257257257257257        2.1785749727239163     
   1.7307307307307307        2.1895494516712226     
   1.7357357357357357        2.2005605520314000     
   1.7407407407407407        2.2116082460185429     
   1.7457457457457457        2.2226925061653904     
   1.7507507507507507        2.2338133053187730     
   1.7557557557557557        2.2449706166351353     
   1.7607607607607607        2.2561644135761365     
   1.7657657657657657        2.2673946699043226     
   1.7707707707707707        2.2786613596788761     
   1.7757757757757757        2.2899644572514357     
   1.7807807807807807        2.3013039372619861     
   1.7857857857857857        2.3126797746348160     
   1.7907907907907907        2.3240919445745476     
   1.7957957957957957        2.3355404225622269     
   1.8008008008008007        2.3470251843514855     
   1.8058058058058060        2.3585462059647631     
   1.8108108108108110        2.3701034636895875     
   1.8158158158158160        2.3816969340749283     
   1.8208208208208210        2.3933265939275983     
   1.8258258258258260        2.4049924203087234     
   1.8308308308308310        2.4166943905302642     
   1.8358358358358360        2.4284324821515959     
   1.8408408408408410        2.4402066729761476     
   1.8458458458458460        2.4520169410480910     
   1.8508508508508510        2.4638632646490879     
   1.8558558558558560        2.4757456222950847     
   1.8608608608608610        2.4876639927331650     
   1.8658658658658660        2.4996183549384461     
   1.8708708708708710        2.5116086881110333     
   1.8758758758758760        2.5236349716730140     
   1.8808808808808810        2.5356971852655050     
   1.8858858858858860        2.5477953087457501     
   1.8908908908908910        2.5599293221842543     
   1.8958958958958960        2.5720992058619725     
   1.9009009009009010        2.5843049402675384     
   1.9059059059059060        2.5965465060945347     
   1.9109109109109110        2.6088238842388138     
   1.9159159159159160        2.6211370557958529     
   1.9209209209209210        2.6334860020581523     
   1.9259259259259260        2.6458707045126797     
   1.9309309309309310        2.6582911448383455     
   1.9359359359359360        2.6707473049035229     
   1.9409409409409411        2.6832391667636060     
   1.9459459459459461        2.6957667126586049     
   1.9509509509509511        2.7083299250107755     
   1.9559559559559561        2.7209287864222906     
   1.9609609609609611        2.7335632796729423     
   1.9659659659659661        2.7462333877178797     
   1.9709709709709711        2.7589390936853859     
   1.9759759759759761        2.7716803808746819     
   1.9809809809809811        2.7844572327537693     
   1.9859859859859861        2.7972696329573035     
   1.9909909909909911        2.8101175652844970     
   1.9959959959959961        2.8230010136970596     
   2.0010010010010011        2.8359199623171616     
   2.0060060060060061        2.8488743954254376     
   2.0110110110110111        2.8618642974590096     
   2.0160160160160161        2.8748896530095478     
   2.0210210210210211        2.8879504468213537     
   2.0260260260260261        2.9010466637894794     
   2.0310310310310311        2.9141782889578658     
   2.0360360360360361        2.9273453075175149     
   2.0410410410410411        2.9405477048046871     
   2.0460460460460461        2.9537854662991214     
   2.0510510510510511        2.9670585776222898     
   2.0560560560560561        2.9803670245356657     
   2.0610610610610611        2.9937107929390323     
   2.0660660660660661        3.0070898688687993     
   2.0710710710710711        3.0205042384963567     
   2.0760760760760761        3.0339538881264474     
   2.0810810810810811        3.0474388041955609     
   2.0860860860860861        3.0609589732703575     
   2.0910910910910911        3.0745143820461038     
   2.0960960960960962        3.0881050173451459     
   2.1011011011011012        3.1017308661153877     
   2.1061061061061062        3.1153919154288028     
   2.1111111111111112        3.1290881524799654     
   2.1161161161161162        3.1428195645845967     
   2.1211211211211212        3.1565861391781382     
   2.1261261261261262        3.1703878638143412     
   2.1311311311311312        3.1842247261638787     
   2.1361361361361362        3.1980967140129741     
   2.1411411411411412        3.2120038152620527     
   2.1461461461461462        3.2259460179244082     
   2.1511511511511512        3.2399233101248908     
   2.1561561561561562        3.2539356800986119     
   2.1611611611611612        3.2679831161896682     
   2.1661661661661662        3.2820656068498799     
   2.1711711711711712        3.2961831406375532     
   2.1761761761761762        3.3103357062162537     
   2.1811811811811812        3.3245232923535979     
   2.1861861861861862        3.3387458879200622     
   2.1911911911911912        3.3530034818878103     
   2.1961961961961962        3.3672960633295324     
   2.2012012012012012        3.3816236214173032     
   2.2062062062062062        3.3959861454214550     
   2.2112112112112112        3.4103836247094641     
   2.2162162162162162        3.4248160487448556     
   2.2212212212212212        3.4392834070861200     
   2.2262262262262262        3.4537856893856476     
   2.2312312312312312        3.4683228853886723     
   2.2362362362362362        3.4828949849322357     
   2.2412412412412412        3.4975019779441587     
   2.2462462462462462        3.5121438544420349     
   2.2512512512512513        3.5268206045322277     
   2.2562562562562563        3.5415322184088880     
   2.2612612612612613        3.5562786863529836     
   2.2662662662662663        3.5710599987313394     
   2.2712712712712713        3.5858761459956896     
   2.2762762762762763        3.6007271186817484     
   2.2812812812812813        3.6156129074082859     
   2.2862862862862863        3.6305335028762191     
   2.2912912912912913        3.6454888958677154     
   2.2962962962962963        3.6604790772453057     
   2.3013013013013013        3.6755040379510144     
   2.3063063063063063        3.6905637690054918     
   2.3113113113113113        3.7056582615071663     
   2.3163163163163163        3.7207875066314031     
   2.3213213213213213        3.7359514956296733     
   2.3263263263263263        3.7511502198287379     
   2.3313313313313313        3.7663836706298373     
   2.3363363363363363        3.7816518395078957     
   2.3413413413413413        3.7969547180107317     
   2.3463463463463463        3.8122922977582814     
   2.3513513513513513        3.8276645704418306     
   2.3563563563563563        3.8430715278232577     
   2.3613613613613613        3.8585131617342854     
   2.3663663663663663        3.8739894640757426     
   2.3713713713713713        3.8895004268168343     
   2.3763763763763763        3.9050460419944200     
   2.3813813813813813        3.9206263017123058     
   2.3863863863863863        3.9362411981405412     
   2.3913913913913913        3.9518907235147265     
   2.3963963963963963        3.9675748701353251     
   2.4014014014014013        3.9832936303669926     
   2.4064064064064064        3.9990469966379041     
   2.4114114114114114        4.0148349614390995     
   2.4164164164164164        4.0306575173238297     
   2.4214214214214214        4.0465146569069148     
   2.4264264264264264        4.0624063728641078     
   2.4314314314314314        4.0783326579314689     
   2.4364364364364364        4.0942935049047460     
   2.4414414414414414        4.1102889066387620     
   2.4464464464464464        4.1263188560468107     
   2.4514514514514514        4.1423833461000612     
   2.4564564564564564        4.1584823698269657     
   2.4614614614614614        4.1746159203126805     
   2.4664664664664664        4.1907839906984883     
   2.4714714714714714        4.2069865741812293     
   2.4764764764764764        4.2232236640127407     
   2.4814814814814814        4.2394952534993067     
   2.4864864864864864        4.2558013360011007     
   2.4914914914914914        4.2721419049316518     
   2.4964964964964964        4.2885169537573073     
   2.5015015015015014        4.3049264759967052     
   2.5065065065065064        4.3213704652202516     
   2.5115115115115114        4.3378489150496042     
   2.5165165165165164        4.3543618191571625     
   2.5215215215215214        4.3709091712655672     
   2.5265265265265264        4.3874909651472001     
   2.5315315315315314        4.4041071946236894     
   2.5365365365365364        4.4207578535654299     
   2.5415415415415414        4.4374429358911014     
   2.5465465465465464        4.4541624355671887     
   2.5515515515515514        4.4709163466075204     
   2.5565565565565564        4.4877046630728001     
   2.5615615615615615        4.5045273790701508     
   2.5665665665665665        4.5213844887526626     
   2.5715715715715715        4.5382759863189426     
   2.5765765765765765        4.5552018660126761     
   2.5815815815815815        4.5721621221221893     
   2.5865865865865865        4.5891567489800140     
   2.5915915915915915        4.6061857409624638     
   2.5965965965965965        4.6232490924892140     
   2.6016016016016015        4.6403467980228790     
   2.6066066066066069        4.6574788520686043     
   2.6116116116116119        4.6746452491736559     
   2.6166166166166169        4.6918459839270232     
   2.6216216216216219        4.7090810509590124     
   2.6266266266266269        4.7263504449408602     
   2.6316316316316319        4.7436541605843416     
   2.6366366366366369        4.7609921926413827     
   2.6416416416416419        4.7783645359036857     
   2.6466466466466469        4.7957711852023470     
   2.6516516516516520        4.8132121354074915     
   2.6566566566566570        4.8306873814278992     
   2.6616616616616620        4.8481969182106468     
   2.6666666666666670        4.8657407407407414     
   2.6716716716716720        4.8833188440407760     
   2.6766766766766770        4.9009312231705664     
   2.6816816816816820        4.9185778732268126     
   2.6866866866866870        4.9362587893427490     
   2.6916916916916920        4.9539739666878093     
   2.6966966966966970        4.9717234004672894     
   2.7017017017017020        4.9895070859220150     
   2.7067067067067070        5.0073250183280091     
   2.7117117117117120        5.0251771929961748     
   2.7167167167167170        5.0430636052719704     
   2.7217217217217220        5.0609842505350873     
   2.7267267267267270        5.0789391241991426     
   2.7317317317317320        5.0969282217113667     
   2.7367367367367370        5.1149515385522921     
   2.7417417417417420        5.1330090702354543     
   2.7467467467467470        5.1511008123070878     
   2.7517517517517520        5.1692267603458300     
   2.7567567567567570        5.1873869099624272     
   2.7617617617617620        5.2055812567994453     
   2.7667667667667670        5.2238097965309747     
   2.7717717717717720        5.2420725248623583     
   2.7767767767767770        5.2603694375298966     
   2.7817817817817820        5.2787005303005783     
   2.7867867867867870        5.2970657989718006     
   2.7917917917917920        5.3154652393710995     
   2.7967967967967970        5.3338988473558748     
   2.8018018018018020        5.3523666188131314     
   2.8068068068068071        5.3708685496592050     
   2.8118118118118121        5.3894046358395133     
   2.8168168168168171        5.4079748733282873     
   2.8218218218218221        5.4265792581283208     
   2.8268268268268271        5.4452177862707138     
   2.8318318318318321        5.4638904538146313     
   2.8368368368368371        5.4825972568470434     
   2.8418418418418421        5.5013381914824873     
   2.8468468468468471        5.5201132538628270     
   2.8518518518518521        5.5389224401570090     
   2.8568568568568571        5.5577657465608263     
   2.8618618618618621        5.5766431692966840     
   2.8668668668668671        5.5955547046133685     
   2.8718718718718721        5.6145003487858141     
   2.8768768768768771        5.6334800981148803     
   2.8818818818818821        5.6524939489271206     
   2.8868868868868871        5.6715418975745644     
   2.8918918918918921        5.6906239404344996     
   2.8968968968968971        5.7097400739092432     
   2.9019019019019021        5.7288902944259359     
   2.9069069069069071        5.7480745984363244     
   2.9119119119119121        5.7672929824165520     
   2.9169169169169171        5.7865454428669443     
   2.9219219219219221        5.8058319763118087     
   2.9269269269269271        5.8251525792992247     
   2.9319319319319321        5.8445072484008431     
   2.9369369369369371        5.8638959802116828     
   2.9419419419419421        5.8833187713499351     
   2.9469469469469471        5.9027756184567668     
   2.9519519519519521        5.9222665181961212     
   2.9569569569569571        5.9417914672545304     
   2.9619619619619622        5.9613504623409206     
   2.9669669669669672        5.9809435001864282     
   2.9719719719719722        6.0005705775442060     
   2.9769769769769772        6.0202316911892444     
   2.9819819819819822        6.0399268379181832     
   2.9869869869869872        6.0596560145491338     
   2.9919919919919922        6.0794192179214992     
   2.9969969969969972        6.0992164448957924     
   3.0020020020020022        6.1190476923534662     
   3.0070070070070072        6.1389129571967320     
   3.0120120120120122        6.1588122363483970     
   3.0170170170170172        6.1787455267516851     
   3.0220220220220222        6.1987128253700670     
   3.0270270270270272        6.2187141291871022     
   3.0320320320320322        6.2387494352062651     
   3.0370370370370372        6.2588187404507787     
   3.0420420420420422        6.2789220419634644     
   3.0470470470470472        6.2990593368065682     
   3.0520520520520522        6.3192306220616050     
   3.0570570570570572        6.3394358948292071     
   3.0620620620620622        6.3596751522289576     
   3.0670670670670672        6.3799483913992461     
   3.0720720720720722        6.4002556094971101     
   3.0770770770770772        6.4205968036980794     
   3.0820820820820822        6.4409719711960358     
   3.0870870870870872        6.4613811092030566     
   3.0920920920920922        6.4818242149492695     
   3.0970970970970972        6.5023012856827069     
   3.1021021021021022        6.5228123186691631     
   3.1071071071071072        6.5433573111920493     
   3.1121121121121122        6.5639362605522509     
   3.1171171171171173        6.5845491640679894     
   3.1221221221221223        6.6051960190746835     
   3.1271271271271273        6.6258768229248108     
   3.1321321321321323        6.6465915729877683     
   3.1371371371371373        6.6673402666497452     
   3.1421421421421423        6.6881229013135801     
   3.1471471471471473        6.7089394743986359     
   3.1521521521521523        6.7297899833406660     
   3.1571571571571573        6.7506744255916811     
   3.1621621621621623        6.7715927986198263     
   3.1671671671671673        6.7925450999092494     
   3.1721721721721723        6.8135313269599758     
   3.1771771771771773        6.8345514772877873     
   3.1821821821821823        6.8556055484240890     
   3.1871871871871873        6.8766935379157950     
   3.1921921921921923        6.8978154433252055     
   3.1971971971971973        6.9189712622298840     
   3.2022022022022023        6.9401609922225358     
   3.2072072072072073        6.9613846309108993     
   3.2122122122122123        6.9826421759176158     
   3.2172172172172173        7.0039336248801263     
   3.2222222222222223        7.0252589754505461     
   3.2272272272272273        7.0466182252955587     
   3.2322322322322323        7.0680113720962980     
   3.2372372372372373        7.0894384135482387     
   3.2422422422422423        7.1108993473610855     
   3.2472472472472473        7.1323941712586629     
   3.2522522522522523        7.1539228829788089     
   3.2572572572572573        7.1754854802732639     
   3.2622622622622623        7.1970819609075649     
   3.2672672672672673        7.2187123226609407     
   3.2722722722722724        7.2403765633262083     
   3.2772772772772774        7.2620746807096674     
   3.2822822822822824        7.2838066726309956     
   3.2872872872872874        7.3055725369231537     
   3.2922922922922924        7.3273722714322735     
   3.2972972972972974        7.3492058740175716     
   3.3023023023023024        7.3710733425512371     
   3.3073073073073074        7.3929746749183423     
   3.3123123123123124        7.4149098690167410     
   3.3173173173173174        7.4368789227569758     
   3.3223223223223224        7.4588818340621765     
   3.3273273273273274        7.4809186008679722     
   3.3323323323323324        7.5029892211223945     
   3.3373373373373374        7.5250936927857808     
   3.3423423423423424        7.5472320138306870     
   3.3473473473473474        7.5694041822418008     
   3.3523523523523524        7.5916101960158358     
   3.3573573573573574        7.6138500531614586     
   3.3623623623623624        7.6361237516991869     
   3.3673673673673674        7.6584312896613111     
   3.3723723723723724        7.6807726650918013     
   3.3773773773773774        7.7031478760462244     
   3.3823823823823824        7.7255569205916519     
   3.3873873873873874        7.7479997968065826     
   3.3923923923923924        7.7704765027808538     
   3.3973973973973974        7.7929870366155605     
   3.4024024024024024        7.8155313964229673     
   3.4074074074074074        7.8381095803264342     
   3.4124124124124124        7.8607215864603299     
   3.4174174174174174        7.8833674129699505     
   3.4224224224224224        7.9060470580114437     
   3.4274274274274275        7.9287605197517257     
   3.4324324324324325        7.9515077963684053     
   3.4374374374374375        7.9742888860497052     
   3.4424424424424425        7.9971037869943853     
   3.4474474474474475        8.0199524974116638     
   3.4524524524524525        8.0428350155211454     
   3.4574574574574575        8.0657513395527420     
   3.4624624624624625        8.0887014677466009     
   3.4674674674674675        8.1116853983530302     
   3.4724724724724725        8.1347031296324310     
   3.4774774774774775        8.1577546598552075     
   3.4824824824824825        8.1808399873017130     
   3.4874874874874875        8.2039591102621792     
   3.4924924924924925        8.2271120270366307     
   3.4974974974974975        8.2502987359348214     
   3.5025025025025025        8.2735192352761704     
   3.5075075075075075        8.2967735233896960     
   3.5125125125125125        8.3200615986139237     
   3.5175175175175175        8.3433834592968488     
   3.5225225225225225        8.3667391037958545     
   3.5275275275275275        8.3901285304776376     
   3.5325325325325325        8.4135517377181621     
   3.5375375375375375        8.4370087239025793     
   3.5425425425425425        8.4604994874251602     
   3.5475475475475475        8.4840240266892479     
   3.5525525525525525        8.5075823401071720     
   3.5575575575575575        8.5311744261002094     
   3.5625625625625625        8.5548002830984977     
   3.5675675675675675        8.5784599095409924     
   3.5725725725725725        8.6021533038753866     
   3.5775775775775776        8.6258804645580707     
   3.5825825825825826        8.6496413900540574     
   3.5875875875875876        8.6734360788369216     
   3.5925925925925926        8.6972645293887485     
   3.5975975975975976        8.7211267402000701     
   3.6026026026026026        8.7450227097698026     
   3.6076076076076076        8.7689524366051987     
   3.6126126126126126        8.7929159192217767     
   3.6176176176176176        8.8169131561432739     
   3.6226226226226226        8.8409441459015863     
   3.6276276276276276        8.8650088870367085     
   3.6326326326326326        8.8891073780966892     
   3.6376376376376376        8.9132396176375579     
   3.6426426426426426        8.9374056042232866     
   3.6476476476476476        8.9616053364257287     
   3.6526526526526526        8.9858388128245625     
   3.6576576576576576        9.0101060320072435     
   3.6626626626626626        9.0344069925689432     
   3.6676676676676676        9.0587416931125091     
   3.6726726726726726        9.0831101322483967     
   3.6776776776776776        9.1075123085946288     
   3.6826826826826826        9.1319482207767422     
   3.6876876876876876        9.1564178674277361     
   3.6926926926926926        9.1809212471880208     
   3.6976976976976976        9.2054583587053607     
   3.7027027027027026        9.2300292006348421     
   3.7077077077077076        9.2546337716388063     
   3.7127127127127126        9.2792720703868117     
   3.7177177177177176        9.3039440955555790     
   3.7227227227227226        9.3286498458289415     
   3.7277277277277276        9.3533893198978078     
   3.7327327327327327        9.3781625164601046     
   3.7377377377377377        9.4029694342207346     
   3.7427427427427427        9.4278100718915248     
   3.7477477477477477        9.4526844281911853     
   3.7527527527527527        9.4775925018452600     
   3.7577577577577577        9.5025342915860858     
   3.7627627627627627        9.5275097961527422     
   3.7677677677677677        9.5525190142910041     
   3.7727727727727727        9.5775619447533149     
   3.7777777777777777        9.6026385862987169     
   3.7827827827827827        9.6277489376928234     
   3.7877877877877877        9.6528929977077720     
   3.7927927927927927        9.6780707651221878     
   3.7977977977977977        9.7032822387211208     
   3.8028028028028027        9.7285274172960303     
   3.8078078078078077        9.7538062996447259     
   3.8128128128128127        9.7791188845713215     
   3.8178178178178177        9.8044651708862158     
   3.8228228228228227        9.8298451574060248     
   3.8278278278278277        9.8552588429535621     
   3.8328328328328327        9.8807062263577894     
   3.8378378378378377        9.9061873064537682     
   3.8428428428428427        9.9317020820826443     
   3.8478478478478477        9.9572505520915779     
   3.8528528528528527        9.9828327153337284     
   3.8578578578578577        10.008448570668202     
   3.8628628628628627        10.034098116960022     
   3.8678678678678677        10.059781353080085     
   3.8728728728728727        10.085498277905122     
   3.8778778778778777        10.111248890317666     
   3.8828828828828827        10.137033189206010     
   3.8878878878878878        10.162851173464171     
   3.8928928928928928        10.188702841991855     
   3.8978978978978978        10.214588193694418     
   3.9029029029029028        10.240507227482832     
   3.9079079079079078        10.266459942273649     
   3.9129129129129128        10.292446336988959     
   3.9179179179179178        10.318466410556372     
   3.9229229229229228        10.344520161908955     
   3.9279279279279278        10.370607589985223     
   3.9329329329329328        10.396728693729095     
   3.9379379379379378        10.422883472089854     
   3.9429429429429428        10.449071924022121     
   3.9479479479479478        10.475294048485816     
   3.9529529529529528        10.501549844446130     
   3.9579579579579578        10.527839310873482     
   3.9629629629629628        10.554162446743501     
   3.9679679679679678        10.580519251036977     
   3.9729729729729728        10.606909722739838     
   3.9779779779779778        10.633333860843118     
   3.9829829829829828        10.659791664342919     
   3.9879879879879878        10.686283132240384     
   3.9929929929929928        10.712808263541664     
   3.9979979979979978        10.739367057257891     
   4.0030030030030028        10.765959512405132     
   4.0080080080080078        10.792585628004380     
   4.0130130130130128        10.819245403081505     
   4.0180180180180178        10.845938836667232     
   4.0230230230230228        10.872665927797112     
   4.0280280280280278        10.899426675511490     
   4.0330330330330328        10.926221078855471     
   4.0380380380380378        10.953049136878890     
   4.0430430430430429        10.979910848636303     
   4.0480480480480479        11.006806213186925     
   4.0530530530530529        11.033735229594628     
   4.0580580580580579        11.060697896927893     
   4.0630630630630629        11.087694214259804     
   4.0680680680680679        11.114724180667993     
   4.0730730730730729        11.141787795234638     
   4.0780780780780779        11.168885057046413     
   4.0830830830830829        11.196015965194475     
   4.0880880880880879        11.223180518774431     
   4.0930930930930929        11.250378716886310     
   4.0980980980980979        11.277610558634539     
   4.1031031031031029        11.304876043127916     
   4.1081081081081079        11.332175169479578     
   4.1131131131131129        11.359507936806983     
   4.1181181181181179        11.386874344231879     
   4.1231231231231229        11.414274390880275     
   4.1281281281281279        11.441708075882421     
   4.1331331331331329        11.469175398372778     
   4.1381381381381379        11.496676357490001     
   4.1431431431431429        11.524210952376896     
   4.1481481481481479        11.551779182180415     
   4.1531531531531529        11.579381046051621     
   4.1581581581581579        11.607016543145656     
   4.1631631631631629        11.634685672621739     
   4.1681681681681679        11.662388433643116     
   4.1731731731731729        11.690124825377049     
   4.1781781781781779        11.717894846994797     
   4.1831831831831829        11.745698497671576     
   4.1881881881881879        11.773535776586547     
   4.1931931931931929        11.801406682922797     
   4.1981981981981980        11.829311215867298     
   4.2032032032032030        11.857249374610904     
   4.2082082082082088        11.885221158348317     
   4.2132132132132138        11.913226566278054     
   4.2182182182182189        11.941265597602447     
   4.2232232232232239        11.969338251527610     
   4.2282282282282289        11.997444527263411     
   4.2332332332332339        12.025584424023460     
   4.2382382382382389        12.053757941025074     
   4.2432432432432439        12.081965077489267     
   4.2482482482482489        12.110205832640727     
   4.2532532532532539        12.138480205707788     
   4.2582582582582589        12.166788195922411     
   4.2632632632632639        12.195129802520164     
   4.2682682682682689        12.223505024740206     
   4.2732732732732739        12.251913861825253     
   4.2782782782782789        12.280356313021567     
   4.2832832832832839        12.308832377578934     
   4.2882882882882889        12.337342054750643     
   4.2932932932932939        12.365885343793465     
   4.2982982982982989        12.394462243967631     
   4.3033033033033039        12.423072754536811     
   4.3083083083083089        12.451716874768104     
   4.3133133133133139        12.480394603932005     
   4.3183183183183189        12.509105941302396     
   4.3233233233233239        12.537850886156516     
   4.3283283283283289        12.566629437774946     
   4.3333333333333339        12.595441595441597     
   4.3383383383383389        12.624287358443684     
   4.3433433433433439        12.653166726071701     
   4.3483483483483489        12.682079697619413     
   4.3533533533533539        12.711026272383831     
   4.3583583583583589        12.740006449665200     
   4.3633633633633639        12.769020228766971     
   4.3683683683683689        12.798067608995789     
   4.3733733733733740        12.827148589661467     
   4.3783783783783790        12.856263170076986     
   4.3833833833833840        12.885411349558456     
   4.3883883883883890        12.914593127425107     
   4.3933933933933940        12.943808502999275     
   4.3983983983983990        12.973057475606380     
   4.4034034034034040        13.002340044574902     
   4.4084084084084090        13.031656209236381     
   4.4134134134134140        13.061005968925384     
   4.4184184184184190        13.090389322979492     
   4.4234234234234240        13.119806270739282     
   4.4284284284284290        13.149256811548327     
   4.4334334334334340        13.178740944753139     
   4.4384384384384390        13.208258669703204     
   4.4434434434434440        13.237809985750918     
   4.4484484484484490        13.267394892251600     
   4.4534534534534540        13.297013388563471     
   4.4584584584584590        13.326665474047630     
   4.4634634634634640        13.356351148068040     
   4.4684684684684690        13.386070409991513     
   4.4734734734734740        13.415823259187697     
   4.4784784784784790        13.445609695029061     
   4.4834834834834840        13.475429716890872     
   4.4884884884884890        13.505283324151186     
   4.4934934934934940        13.535170516190822     
   4.4984984984984990        13.565091292393364     
   4.5035035035035040        13.595045652145133     
   4.5085085085085090        13.625033594835179     
   4.5135135135135140        13.655055119855254     
   4.5185185185185190        13.685110226599807     
   4.5235235235235240        13.715198914465972     
   4.5285285285285291        13.745321182853548     
   4.5335335335335341        13.775477031164973     
   4.5385385385385391        13.805666458805339     
   4.5435435435435441        13.835889465182344     
   4.5485485485485491        13.866146049706302     
   4.5535535535535541        13.896436211790112     
   4.5585585585585591        13.926759950849261     
   4.5635635635635641        13.957117266301792     
   4.5685685685685691        13.987508157568302     
   4.5735735735735741        14.017932624071925     
   4.5785785785785791        14.048390665238312     
   4.5835835835835841        14.078882280495632     
   4.5885885885885891        14.109407469274538     
   4.5935935935935941        14.139966231008174     
   4.5985985985985991        14.170558565132145     
   4.6036036036036041        14.201184471084511     
   4.6086086086086091        14.231843948305780     
   4.6136136136136141        14.262536996238879     
   4.6186186186186191        14.293263614329158     
   4.6236236236236241        14.324023802024357     
   4.6286286286286291        14.354817558774620     
   4.6336336336336341        14.385644884032452     
   4.6386386386386391        14.416505777252729     
   4.6436436436436441        14.447400237892680     
   4.6486486486486491        14.478328265411863     
   4.6536536536536541        14.509289859272165     
   4.6586586586586591        14.540285018937789     
   4.6636636636636641        14.571313743875233     
   4.6686686686686691        14.602376033553282     
   4.6736736736736741        14.633471887443003     
   4.6786786786786791        14.664601305017717     
   4.6836836836836842        14.695764285753008     
   4.6886886886886892        14.726960829126689     
   4.6936936936936942        14.758190934618804     
   4.6986986986986992        14.789454601711613     
   4.7037037037037042        14.820751829889581     
   4.7087087087087092        14.852082618639358     
   4.7137137137137142        14.883446967449782     
   4.7187187187187192        14.914844875811854     
   4.7237237237237242        14.946276343218742     
   4.7287287287287292        14.977741369165749     
   4.7337337337337342        15.009239953150315     
   4.7387387387387392        15.040772094672006     
   4.7437437437437442        15.072337793232496     
   4.7487487487487492        15.103937048335567     
   4.7537537537537542        15.135569859487084     
   4.7587587587587592        15.167236226194991     
   4.7637637637637642        15.198936147969306     
   4.7687687687687692        15.230669624322095     
   4.7737737737737742        15.262436654767480     
   4.7787787787787792        15.294237238821612     
   4.7837837837837842        15.326071376002666     
   4.7887887887887892        15.357939065830839     
   4.7937937937937942        15.389840307828321     
   4.7987987987987992        15.421775101519303     
   4.8038038038038042        15.453743446429961     
   4.8088088088088092        15.485745342088434     
   4.8138138138138142        15.517780788024835     
   4.8188188188188192        15.549849783771219     
   4.8238238238238242        15.581952328861586     
   4.8288288288288292        15.614088422831870     
   4.8338338338338342        15.646258065219930     
   4.8388388388388393        15.678461255565530     
   4.8438438438438443        15.710697993410342     
   4.8488488488488493        15.742968278297926     
   4.8538538538538543        15.775272109773727     
   4.8588588588588593        15.807609487385063     
   4.8638638638638643        15.839980410681113     
   4.8688688688688693        15.872384879212913     
   4.8738738738738743        15.904822892533341     
   4.8788788788788793        15.937294450197111     
   4.8838838838838843        15.969799551760760     
   4.8888888888888893        16.002338196782642     
   4.8938938938938943        16.034910384822926     
   4.8988988988988993        16.067516115443560     
   4.9039039039039043        16.100155388208297     
   4.9089089089089093        16.132828202682656     
   4.9139139139139143        16.165534558433947     
   4.9189189189189193        16.198274455031214     
   4.9239239239239243        16.231047892045272     
   4.9289289289289293        16.263854869048679     
   4.9339339339339343        16.296695385615713     
   4.9389389389389393        16.329569441322391     
   4.9439439439439443        16.362477035746448     
   4.9489489489489493        16.395418168467316     
   4.9539539539539543        16.428392839066127     
   4.9589589589589593        16.461401047125722     
   4.9639639639639643        16.494442792230601     
   4.9689689689689693        16.527518073966956     
   4.9739739739739743        16.560626891922634     
   4.9789789789789793        16.593769245687149     
   4.9839839839839843        16.626945134851649     
   4.9889889889889893        16.660154559008937     
   4.9939939939939944        16.693397517753446     
   4.9989989989989994        16.726674010681222     
   5.0040040040040044        16.759984037389938     
   5.0090090090090094        16.793327597478875     
   5.0140140140140144        16.826704690548905     
   5.0190190190190194        16.860115316202506     
   5.0240240240240244        16.893559474043727     
   5.0290290290290294        16.927037163678200     
   5.0340340340340344        16.960548384713125     
   5.0390390390390394        16.994093136757257     
   5.0440440440440444        17.027671419420916     
   5.0490490490490494        17.061283232315951     
   5.0540540540540544        17.094928575055764     
   5.0590590590590594        17.128607447255277     
   5.0640640640640644        17.162319848530935     
   5.0690690690690694        17.196065778500703     
   5.0740740740740744        17.229845236784055     
   5.0790790790790794        17.263658223001947     
   5.0840840840840844        17.297504736776851     
   5.0890890890890894        17.331384777732715     
   5.0940940940940944        17.365298345494956     
   5.0990990990990994        17.399245439690482     
   5.1041041041041044        17.433226059947639     
   5.1091091091091094        17.467240205896246     
   5.1141141141141144        17.501287877167574     
   5.1191191191191194        17.535369073394325     
   5.1241241241241244        17.569483794210637     
   5.1291291291291294        17.603632039252087     
   5.1341341341341344        17.637813808155659     
   5.1391391391391394        17.672029100559762     
   5.1441441441441444        17.706277916104209     
   5.1491491491491495        17.740560254430203     
   5.1541541541541545        17.774876115180362     
   5.1591591591591595        17.809225497998675     
   5.1641641641641645        17.843608402530510     
   5.1691691691691695        17.878024828422621     
   5.1741741741741745        17.912474775323115     
   5.1791791791791795        17.946958242881472     
   5.1841841841841845        17.981475230748515     
   5.1891891891891895        18.016025738576417     
   5.1941941941941945        18.050609766018695     
   5.1991991991991995        18.085227312730201     
   5.2042042042042045        18.119878378367105     
   5.2092092092092095        18.154562962586912     
   5.2142142142142145        18.189281065048430     
   5.2192192192192195        18.224032685411789     
   5.2242242242242245        18.258817823338404     
   5.2292292292292295        18.293636478491003     
   5.2342342342342345        18.328488650533590     
   5.2392392392392395        18.363374339131465     
   5.2442442442442445        18.398293543951198     
   5.2492492492492495        18.433246264660635     
   5.2542542542542545        18.468232500928881     
   5.2592592592592595        18.503252252426311     
   5.2642642642642645        18.538305518824544     
   5.2692692692692695        18.573392299796453     
   5.2742742742742745        18.608512595016151     
   5.2792792792792795        18.643666404158981     
   5.2842842842842845        18.678853726901522     
   5.2892892892892895        18.714074562921585     
   5.2942942942942945        18.749328911898179     
   5.2992992992992995        18.784616773511537     
   5.3043043043043046        18.819938147443107     
   5.3093093093093096        18.855293033375531     
   5.3143143143143146        18.890681430992636     
   5.3193193193193196        18.926103339979456     
   5.3243243243243246        18.961558760022200     
   5.3293293293293296        18.997047690808255     
   5.3343343343343346        19.032570132026191     
   5.3393393393393396        19.068126083365733     
   5.3443443443443446        19.103715544517776     
   5.3493493493493496        19.139338515174369     
   5.3543543543543546        19.174994995028715     
   5.3593593593593596        19.210684983775160     
   5.3643643643643646        19.246408481109189     
   5.3693693693693696        19.282165486727433     
   5.3743743743743746        19.317956000327641     
   5.3793793793793796        19.353780021608689     
   5.3843843843843846        19.389637550270578     
   5.3893893893893896        19.425528586014419     
   5.3943943943943946        19.461453128542438     
   5.3993993993993996        19.497411177557957     
   5.4044044044044046        19.533402732765399     
   5.4094094094094096        19.569427793870286     
   5.4144144144144146        19.605486360579228     
   5.4194194194194196        19.641578432599911     
   5.4244244244244246        19.677704009641104     
   5.4294294294294296        19.713863091412655     
   5.4344344344344346        19.750055677625479     
   5.4394394394394396        19.786281767991550     
   5.4444444444444446        19.822541362223905     
   5.4494494494494496        19.858834460036633     
   5.4544544544544546        19.895161061144872     
   5.4594594594594597        19.931521165264812     
   5.4644644644644647        19.967914772113673     
   5.4694694694694697        20.004341881409715     
   5.4744744744744747        20.040802492872228     
   5.4794794794794797        20.077296606221527     
   5.4844844844844847        20.113824221178945     
   5.4894894894894897        20.150385337466840     
   5.4944944944944947        20.186979954808571     
   5.4994994994994997        20.223608072928517     
   5.5045045045045047        20.260269691552040     
   5.5095095095095097        20.296964810405516     
   5.5145145145145147        20.333693429216314     
   5.5195195195195197        20.370455547712783     
   5.5245245245245247        20.407251165624263     
   5.5295295295295297        20.444080282681075     
   5.5345345345345347        20.480942898614504     
   5.5395395395395397        20.517839013156824     
   5.5445445445445447        20.554768626041259     
   5.5495495495495497        20.591731737002011     
   5.5545545545545547        20.628728345774221     
   5.5595595595595597        20.665758452094003     
   5.5645645645645647        20.702822055698409     
   5.5695695695695697        20.739919156325442     
   5.5745745745745747        20.777049753714035     
   5.5795795795795797        20.814213847604076     
   5.5845845845845847        20.851411437736367     
   5.5895895895895897        20.888642523852653     
   5.5945945945945947        20.925907105695590     
   5.5995995995995997        20.963205183008768     
   5.6046046046046047        21.000536755536682     
   5.6096096096096097        21.037901823024743     
   5.6146146146146148        21.075300385219265     
   5.6196196196196198        21.112732441867479     
   5.6246246246246248        21.150197992717501     
   5.6296296296296298        21.187697037518355     
   5.6346346346346348        21.225229576019938     
   5.6396396396396398        21.262795607973057     
   5.6446446446446448        21.300395133129388     
   5.6496496496496498        21.338028151241495     
   5.6546546546546548        21.375694662062816     
   5.6596596596596598        21.413394665347656     
   5.6646646646646648        21.451128160851198     
   5.6696696696696698        21.488895148329476     
   5.6746746746746748        21.526695627539400     
   5.6796796796796798        21.564529598238728     
   5.6846846846846848        21.602397060186068     
   5.6896896896896898        21.640298013140892     
   5.6946946946946948        21.678232456863494     
   5.6996996996996998        21.716200391115034     
   5.7047047047047048        21.754201815657488     
   5.7097097097097098        21.792236730253698     
   5.7147147147147148        21.830305134667299     
   5.7197197197197198        21.868407028662784     
   5.7247247247247248        21.906542412005440     
   5.7297297297297298        21.944711284461413     
   5.7347347347347348        21.982913645797627     
   5.7397397397397398        22.021149495781842     
   5.7447447447447448        22.059418834182619     
   5.7497497497497498        22.097721660769331     
   5.7547547547547548        22.136057975312141     
   5.7597597597597598        22.174427777582029     
   5.7647647647647648        22.212831067350749     
   5.7697697697697699        22.251267844390867     
   5.7747747747747749        22.289738108475724     
   5.7797797797797799        22.328241859379453     
   5.7847847847847849        22.366779096876968     
   5.7897897897897899        22.405349820743950     
   5.7947947947947949        22.443954030756874     
   5.7997997997997999        22.482591726692977     
   5.8048048048048049        22.521262908330268     
   5.8098098098098099        22.559967575447509     
   5.8148148148148149        22.598705727824232     
   5.8198198198198199        22.637477365240731     
   5.8248248248248249        22.676282487478055     
   5.8298298298298299        22.715121094318000     
   5.8348348348348349        22.753993185543113     
   5.8398398398398399        22.792898760936676     
   5.8448448448448449        22.831837820282733     
   5.8498498498498499        22.870810363366061     
   5.8548548548548549        22.909816389972161     
   5.8598598598598599        22.948855899887278     
   5.8648648648648649        22.987928892898378     
   5.8698698698698699        23.027035368793168     
   5.8748748748748749        23.066175327360064     
   5.8798798798798799        23.105348768388211     
   5.8848848848848849        23.144555691667467     
   5.8898898898898899        23.183796096988409     
   5.8948948948948949        23.223069984142313     
   5.8998998998998999        23.262377352921185     
   5.9049049049049049        23.301718203117709     
   5.9099099099099099        23.341092534525295     
   5.9149149149149149        23.380500346938039     
   5.9199199199199199        23.419941640150746     
   5.9249249249249250        23.459416413958895     
   5.9299299299299300        23.498924668158669     
   5.9349349349349350        23.538466402546934     
   5.9399399399399400        23.578041616921244     
   5.9449449449449450        23.617650311079835     
   5.9499499499499500        23.657292484821618     
   5.9549549549549550        23.696968137946183     
   5.9599599599599600        23.736677270253789     
   5.9649649649649650        23.776419881545365     
   5.9699699699699700        23.816195971622523     
   5.9749749749749750        23.856005540287526     
   5.9799799799799800        23.895848587343281     
   5.9849849849849850        23.935725112593399     
   5.9899899899899900        23.975635115842113     
   5.9949949949949950        24.015578596894315     
   6.0000000000000000        24.055555555555557     
