   9.999999776482582E-003   9.999833110660423E-003  -6.017819556807542E-001
   1.999999955296516E-002   1.999866624638765E-002  -5.740584458375333E-001
   2.999999932944775E-002   2.999549953224513E-002  -5.467574136095084E-001
   3.999999910593033E-002   3.998933329327965E-002  -5.198716739821465E-001
   4.999999888241291E-002   4.997916815448793E-002  -4.933941711030634E-001
   5.999999865889549E-002   5.996400514075335E-002  -4.673179765556297E-001
   6.999999843537807E-002   6.994284577674259E-002  -4.416362876510692E-001
   7.999999821186066E-002   7.991469218675235E-002  -4.163424257338944E-001
   8.999999798834324E-002   8.987854719449601E-002  -3.914298345035963E-001
   9.999999776482582E-002   9.983341442282054E-002  -3.668920783510385E-001
   1.099999975413084E-001   1.097782983933433E-001  -3.427228407103595E-001
   1.199999973177910E-001   1.197122046259991E-001  -3.189159224256067E-001
   1.299999970942736E-001   1.296341397384873E-001  -2.954652401322521E-001
   1.399999968707561E-001   1.395431115456092E-001  -2.723648246541029E-001
   1.499999966472387E-001   1.494381291584858E-001  -2.496088194139344E-001
   1.599999964237213E-001   1.593182030836461E-001  -2.271914788600273E-001
   1.699999962002039E-001   1.691823453219748E-001  -2.051071669061861E-001
   1.799999959766865E-001   1.790295694675126E-001  -1.833503553870610E-001
   1.899999957531691E-001   1.888588908060946E-001  -1.619156225272561E-001
   1.999999955296516E-001   1.986693264138222E-001  -1.407976514252527E-001
   2.099999953061342E-001   2.084598952553537E-001  -1.199912285512450E-001
   2.199999950826168E-001   2.182296182820076E-001  -9.949124225920836E-002
   2.299999948590994E-001   2.279775185296662E-001  -7.929268131328499E-002
   2.399999946355820E-001   2.377026212164716E-001  -5.939063342764228E-002
   2.499999944120646E-001   2.474039538403029E-001  -3.978028382061433E-002
   2.599999941885471E-001   2.570805462760253E-001  -2.045691378266321E-002
   2.699999939650297E-001   2.667314308725024E-001  -1.415899257661335E-003
   2.799999937415123E-001   2.763556425493601E-001   1.734729056147313E-002
   2.899999935179949E-001   2.859522188934938E-001   3.583709462448748E-002
   2.999999932944775E-001   2.955202002553092E-001   5.405786140109234E-002
   3.099999930709600E-001   3.050586298446861E-001   7.201385024554782E-002
   3.199999928474426E-001   3.145665538266570E-001   8.970923274778753E-002
   3.299999926239252E-001   3.240430214167893E-001   1.071480940710034E-001
   3.399999924004078E-001   3.334870849762634E-001   1.243344342764481E-001
   3.499999921768904E-001   3.428978001066356E-001   1.412721696349750E-001
   3.599999919533730E-001   3.522742257442772E-001   1.579651339257445E-001
   3.699999917298555E-001   3.616154242544801E-001   1.744170797217565E-001
   3.799999915063381E-001   3.709204615252192E-001   1.906316796629775E-001
   3.899999912828207E-001   3.801884070605633E-001   2.066125277162282E-001
   3.999999910593033E-001   3.894183340737234E-001   2.223631404228382E-001
   4.099999908357859E-001   3.986093195797313E-001   2.378869581334383E-001
   4.199999906122684E-001   4.077604444877363E-001   2.531873462304418E-001
   4.299999903887510E-001   4.168707936929146E-001   2.682675963378653E-001
   4.399999901652336E-001   4.259394561679783E-001   2.831309275191389E-001
   4.499999899417162E-001   4.349655250542777E-001   2.977804874622672E-001
   4.599999897181988E-001   4.439480977524861E-001   3.122193536531140E-001
   4.699999894946814E-001   4.528862760128593E-001   3.264505345364248E-001
   4.799999892711639E-001   4.617791660250598E-001   3.404769706647964E-001
   4.899999890476465E-001   4.706258785075367E-001   3.543015358357731E-001
   4.999999888241291E-001   4.794255287964536E-001   3.679270382170244E-001
   5.099999886006117E-001   4.881772369341539E-001   3.813562214597513E-001
   5.199999883770943E-001   4.968801277571562E-001   3.945917658002666E-001
   5.299999881535769E-001   5.055333309836693E-001   4.076362891500560E-001
   5.399999879300594E-001   5.141359813006202E-001   4.204923481741834E-001
   5.499999877065420E-001   5.226872184501847E-001   4.331624393582548E-001
   5.599999874830246E-001   5.311861873158120E-001   4.456490000638492E-001
   5.699999872595072E-001   5.396320380077358E-001   4.579544095727669E-001
   5.799999870359898E-001   5.480239259479631E-001   4.700809901198665E-001
   5.899999868124723E-001   5.563610119547305E-001   4.820310079148085E-001
   5.999999865889549E-001   5.646424623264221E-001   4.938066741525182E-001
   6.099999863654375E-001   5.728674489249391E-001   5.054101460128211E-001
   6.199999861419201E-001   5.810351492585123E-001   5.168435276489242E-001
   6.299999859184027E-001   5.891447465639514E-001   5.281088711650550E-001
   6.399999856948853E-001   5.971954298883201E-001   5.392081775832640E-001
   6.499999854713678E-001   6.051863941700308E-001   5.501433977995293E-001
   6.599999852478504E-001   6.131168403193502E-001   5.609164335290521E-001
   6.699999850243330E-001   6.209859752983073E-001   5.715291382410707E-001
   6.799999848008156E-001   6.287930121999973E-001   5.819833180830447E-001
   6.899999845772982E-001   6.365371703272705E-001   5.922807327944205E-001
   6.999999843537807E-001   6.442176752708024E-001   6.024230966099572E-001
   7.099999841302633E-001   6.518337589865333E-001   6.124120791528088E-001
   7.199999839067459E-001   6.593846598724724E-001   6.222493063172216E-001
   7.299999836832285E-001   6.668696228448573E-001   6.319363611411927E-001
   7.399999834597111E-001   6.742878994136616E-001   6.414747846688726E-001
   7.499999832361937E-001   6.816387477574436E-001   6.508660768030793E-001
   7.599999830126762E-001   6.889214327975273E-001   6.601116971476740E-001
   7.699999827891588E-001   6.961352262715101E-001   6.692130658401700E-001
   7.799999825656414E-001   7.032794068060885E-001   6.781715643744198E-001
   7.899999823421240E-001   7.103532599891944E-001   6.869885364135845E-001
   7.999999821186066E-001   7.173560784414359E-001   6.956652885933683E-001
   8.099999818950891E-001   7.242871618868347E-001   7.042030913156612E-001
   8.199999816715717E-001   7.311458172228533E-001   7.126031795325899E-001
   8.299999814480543E-001   7.379313585897042E-001   7.208667535211052E-001
   8.399999812245369E-001   7.446431074389356E-001   7.289949796480967E-001
   8.499999810010195E-001   7.512803926012857E-001   7.369889911262130E-001
   8.599999807775021E-001   7.578425503537990E-001   7.448498887603350E-001
   8.699999805539846E-001   7.643289244861980E-001   7.525787416848628E-001
   8.799999803304672E-001   7.707388663665038E-001   7.601765880918169E-001
   8.899999801069498E-001   7.770717350058987E-001   7.676444359498605E-001
   8.999999798834324E-001   7.833268971228243E-001   7.749832637143053E-001
   9.099999796599150E-001   7.895037272063096E-001   7.821940210281412E-001
   9.199999794363976E-001   7.956016075785211E-001   7.892776294141788E-001
   9.299999792128801E-001   8.016199284565303E-001   7.962349829583555E-001
   9.399999789893627E-001   8.075580880132919E-001   8.030669489843040E-001
   9.499999787658453E-001   8.134154924378248E-001   8.097743687191711E-001
   9.599999785423279E-001   8.191915559945943E-001   8.163580579508503E-001
   9.699999783188105E-001   8.248857010820836E-001   8.228188076766179E-001
   9.799999780952930E-001   8.304973582905546E-001   8.291573847432632E-001
   9.899999778717756E-001   8.360259664589880E-001   8.353745324787791E-001
   9.999999776482582E-001   8.414709727311986E-001   8.414709713156723E-001
        1.009999977424741   8.468318326111213E-001   8.474473994059514E-001
        1.019999977201223   8.521080100172593E-001   8.533044932278632E-001
        1.029999976977706   8.572989773362923E-001   8.590429081844364E-001
        1.039999976754189   8.624042154758376E-001   8.646632791938946E-001
        1.049999976530671   8.674232139163581E-001   8.701662212719995E-001
        1.059999976307154   8.723554707622149E-001   8.755523301063902E-001
        1.069999976083636   8.772004927918556E-001   8.808221826229751E-001
        1.079999975860119   8.819577955071365E-001   8.859763375444430E-001
        1.089999975636601   8.866269031817716E-001   8.910153359409455E-001
        1.099999975413084   8.912073489089053E-001   8.959397017730244E-001
        1.109999975189567   8.956986746478024E-001   9.007499424268305E-001
        1.119999974966049   9.001004312696518E-001   9.054465492417064E-001
        1.129999974742532   9.044121786024791E-001   9.100299980301848E-001
        1.139999974519014   9.086334854751634E-001   9.145007495904570E-001
        1.149999974295497   9.127639297605541E-001   9.188592502114000E-001
        1.159999974071980   9.168030984176831E-001   9.231059321701743E-001
        1.169999973848462   9.207505875330688E-001   9.272412142224926E-001
        1.179999973624945   9.246060023611067E-001   9.312655020855969E-001
        1.189999973401427   9.283689573635442E-001   9.351791889140114E-001
        1.199999973177910   9.320390762480336E-001   9.389826557681271E-001
        1.209999972954392   9.356159920057614E-001   9.426762720756580E-001
        1.219999972730875   9.390993469481485E-001   9.462603960860673E-001
        1.229999972507358   9.424887927426189E-001   9.497353753179780E-001
        1.239999972283840   9.457839904474329E-001   9.531015469996615E-001
        1.249999972060323   9.489846105455808E-001   9.563592385026172E-001
        1.259999971836805   9.520903329777343E-001   9.595087677683485E-001
        1.269999971613288   9.551008471742520E-001   9.625504437283618E-001
        1.279999971389771   9.580158520862366E-001   9.654845667174524E-001
        1.289999971166253   9.608350562156391E-001   9.683114288803165E-001
        1.299999970942736   9.635581776444084E-001   9.710313145715971E-001
        1.309999970719218   9.661849440626831E-001   9.736445007493344E-001
        1.319999970495701   9.687150927960221E-001   9.761512573619691E-001
        1.329999970272183   9.711483708316717E-001   9.785518477288785E-001
        1.339999970048666   9.734845348438672E-001   9.808465289145413E-001
        1.349999969825149   9.757233512181643E-001   9.830355520963754E-001
        1.359999969601631   9.778645960748016E-001   9.851191629262903E-001
        1.369999969378114   9.799080552910870E-001   9.870976018860385E-001
        1.379999969154596   9.818535245228113E-001   9.889711046363731E-001
        1.389999968931079   9.837008092246808E-001   9.907399023601225E-001
        1.399999968707561   9.854497246697733E-001   9.924042220991789E-001
        1.409999968484044   9.871000959680094E-001   9.939642870854879E-001
        1.419999968260527   9.886517580836420E-001   9.954203170660921E-001
        1.429999968037009   9.901045558517595E-001   9.967725286222612E-001
        1.439999967813492   9.914583439938022E-001   9.980211354827651E-001
        1.449999967589974   9.927129871320901E-001   9.991663488313735E-001
        1.459999967366457   9.938683598033606E-001        1.000208377608582
        1.469999967142940   9.949243464713146E-001        1.001147428807653
        1.479999966919422   9.958808415381698E-001        1.001983707765019
        1.489999966695905   9.967377493552210E-001        1.002717418445082
        1.499999966472387   9.974949842324043E-001        1.003348763719467
        1.509999966248870   9.981524704468666E-001        1.003877945640805
        1.519999966025352   9.987101422505372E-001        1.004305165711047
        1.529999965801835   9.991679438767029E-001        1.004630625144394
        1.539999965578318   9.995258295455847E-001        1.004854525124902
        1.549999965354800   9.997837634689154E-001        1.004977067058765
        1.559999965131283   9.999417198535190E-001        1.004998452821380
        1.569999964907765   9.999996829038891E-001        1.004918884999197
        1.579999964684248   9.999576468237695E-001        1.004738567126438
        1.589999964460731   9.998156158167328E-001        1.004457703916706
        1.599999964237213   9.995736040857608E-001        1.004076501489564
        1.609999964013696   9.992316358318238E-001        1.003595167592082
        1.619999963790178   9.987897452514608E-001        1.003013911815466
        1.629999963566661   9.982479765333595E-001        1.002332945806748
        1.639999963343143   9.976063838539377E-001        1.001552483475650
        1.649999963119626   9.968650313719262E-001        1.000672741196607
        1.659999962896109   9.960239932219517E-001   9.996939380060460E-001
        1.669999962672591   9.950833535071247E-001   9.986162957949409E-001
        1.679999962449074   9.940432062906287E-001   9.974400394966902E-001
        1.689999962225556   9.929036555863139E-001   9.961653972703797E-001
        1.699999962002039   9.916648153482960E-001   9.947926006794628E-001
        1.709999961778522   9.903268094595608E-001   9.933218848659021E-001
        1.719999961555004   9.888897717195763E-001   9.917534887198316E-001
        1.729999961331487   9.873538458309125E-001   9.900876550447676E-001
        1.739999961107969   9.857191853848715E-001   9.883246307184347E-001
        1.749999960884452   9.839859538461283E-001   9.864646668492195E-001
        1.759999960660934   9.821543245363848E-001   9.845080189283407E-001
        1.769999960437417   9.802244806170374E-001   9.824549469777343E-001
        1.779999960213900   9.781966150708611E-001   9.803057156937307E-001
        1.789999959990382   9.760709306827117E-001   9.780605945865550E-001
        1.799999959766865   9.738476400192470E-001   9.757198581156894E-001
        1.809999959543347   9.715269654076708E-001   9.732837858211577E-001
        1.819999959319830   9.691091389134999E-001   9.707526624507533E-001
        1.829999959096313   9.665944023173580E-001   9.681267780832716E-001
        1.839999958872795   9.639830070907981E-001   9.654064282477844E-001
        1.849999958649278   9.612752143711549E-001   9.625919140389902E-001
        1.859999958425760   9.584712949354317E-001   9.596835422286980E-001
        1.869999958202243   9.555715291732230E-001   9.566816253734747E-001
        1.879999957978725   9.525762070586755E-001   9.535864819185004E-001
        1.889999957755208   9.494856281214914E-001   9.503984362976812E-001
        1.899999957531691   9.463001014169750E-001   9.471178190300465E-001
        1.909999957308173   9.430199454951279E-001   9.437449668124877E-001
        1.919999957084656   9.396454883687941E-001   9.402802226088681E-001
        1.929999956861138   9.361770674808593E-001   9.367239357355468E-001
        1.939999956637621   9.326150296705062E-001   9.330764619433652E-001
        1.949999956414104   9.289597311385318E-001   9.293381634961227E-001
        1.959999956190586   9.252115374117268E-001   9.255094092455948E-001
        1.969999955967069   9.213708233063236E-001   9.215905747031259E-001
        1.979999955743551   9.174379728905149E-001   9.175820421078383E-001
        1.989999955520034   9.134133794460475E-001   9.134842004914978E-001
        1.999999955296516   9.092974454288940E-001   9.092974457400740E-001
        2.009999955072999   9.050905824290079E-001   9.050221806520367E-001
        2.019999954849482   9.007932111291643E-001   9.006588149934218E-001
        2.029999954625964   8.964057612628933E-001   8.962077655497145E-001
        2.039999954402447   8.919286715715053E-001   8.916694561745776E-001
        2.049999954178929   8.873623897602189E-001   8.870443178354683E-001
        2.059999953955412   8.827073724533894E-001   8.823327886561889E-001
        2.069999953731894   8.779640851488474E-001   8.775353139563902E-001
        2.079999953508377   8.731330021713496E-001   8.726523462880855E-001
        2.089999953284860   8.682146066251463E-001   8.676843454692019E-001
        2.099999953061342   8.632093903456713E-001   8.626317786142038E-001
        2.109999952837825   8.581178538503593E-001   8.574951201618348E-001
        2.119999952614307   8.529405062885942E-001   8.522748519000076E-001
        2.129999952390790   8.476778653907945E-001   8.469714629878776E-001
        2.139999952167273   8.423304574166408E-001   8.415854499751451E-001
        2.149999951943755   8.368988171024507E-001   8.361173168186093E-001
        2.159999951720238   8.313834876077049E-001   8.305675748960248E-001
        2.169999951496720   8.257850204607321E-001   8.249367430172798E-001
        2.179999951273203   8.201039755035565E-001   8.192253474329487E-001
        2.189999951049685   8.143409208359145E-001   8.134339218402401E-001
        2.199999950826168   8.084964327584443E-001   8.075630073863823E-001
        2.209999950602651   8.025710957150571E-001   8.016131526694812E-001
        2.219999950379133   7.965655022344934E-001   7.955849137368827E-001
        2.229999950155616   7.904802528710693E-001   7.894788540810758E-001
        2.239999949932098   7.843159561446231E-001   7.832955446331690E-001
        2.249999949708581   7.780732284796631E-001   7.770355637539776E-001
        2.259999949485064   7.717526941437255E-001   7.706994972227483E-001
        2.269999949261546   7.653549851849486E-001   7.642879382235673E-001
        2.279999949038029   7.588807413688682E-001   7.578014873294695E-001
        2.289999948814511   7.523306101144418E-001   7.512407524842953E-001
        2.299999948590994   7.457052464293072E-001   7.446063489823227E-001
        2.309999948367476   7.390053128442822E-001   7.378988994457043E-001
        2.319999948143959   7.322314793471120E-001   7.311190337997499E-001
        2.329999947920442   7.253844233154711E-001   7.242673892460781E-001
        2.339999947696924   7.184648294492265E-001   7.173446102336780E-001
        2.349999947473407   7.114733897019674E-001   7.103513484279034E-001
        2.359999947249889   7.044108032118110E-001   7.032882626774404E-001
        2.369999947026372   6.972777762314895E-001   6.961560189792754E-001
        2.379999946802855   6.900750220577246E-001   6.889552904416936E-001
        2.389999946579337   6.828032609598994E-001   6.816867572453437E-001
        2.399999946355820   6.754632201080314E-001   6.743511066023962E-001
        2.409999946132302   6.680556335000561E-001   6.669490327138260E-001
        2.419999945908785   6.605812418884286E-001   6.594812367248537E-001
        2.429999945685267   6.530407927060476E-001   6.519484266785712E-001
        2.439999945461750   6.454350399915142E-001   6.443513174677883E-001
        2.449999945238233   6.377647443137275E-001   6.366906307851193E-001
        2.459999945014715   6.300306726958295E-001   6.289670950713533E-001
        2.469999944791198   6.222335985385019E-001   6.211814454621282E-001
        2.479999944567680   6.143743015426284E-001   6.133344237329376E-001
        2.489999944344163   6.064535676313240E-001   6.054267782425102E-001
        2.499999944120646   5.984721888713437E-001   5.974592638745777E-001
        2.509999943897128   5.904309633938767E-001   5.894326419780656E-001
        2.519999943673611   5.823306953147339E-001   5.813476803057410E-001
        2.529999943450093   5.741721946539368E-001   5.732051529513363E-001
        2.539999943226576   5.659562772547162E-001   5.650058402851834E-001
        2.549999943003058   5.576837647019288E-001   5.567505288883855E-001
        2.559999942779541   5.493554842398991E-001   5.484400114855509E-001
        2.569999942556024   5.409722686896959E-001   5.400750868761245E-001
        2.579999942332506   5.325349563658508E-001   5.316565598643344E-001
        2.589999942108989   5.240443909925273E-001   5.231852411877885E-001
        2.599999941885471   5.155014216191494E-001   5.146619474447476E-001
        2.609999941661954   5.069069025354971E-001   5.060875010200945E-001
        2.619999941438437   4.982616931862782E-001   4.974627300100414E-001
        2.629999941214919   4.895666580851848E-001   4.887884681455813E-001
        2.639999940991402   4.808226667284422E-001   4.800655547147295E-001
        2.649999940767884   4.720305935078604E-001   4.712948344835707E-001
        2.659999940544367   4.631913176233954E-001   4.624771576161392E-001
        2.669999940320849   4.543057229952302E-001   4.536133795931594E-001
        2.679999940097332   4.453746981753832E-001   4.447043611296726E-001
        2.689999939873815   4.363991362588539E-001   4.357509680915762E-001
        2.699999939650297   4.273799347943142E-001   4.267540714110961E-001
        2.709999939426780   4.183179956943545E-001   4.177145470012248E-001
        2.719999939203262   4.092142251452924E-001   4.086332756691440E-001
        2.729999938979745   4.000695335165559E-001   3.995111430286591E-001
        2.739999938756227   3.908848352696462E-001   3.903490394116710E-001
        2.749999938532710   3.816610488666933E-001   3.811478597787062E-001
        2.759999938309193   3.723990966786096E-001   3.719085036285363E-001
        2.769999938085675   3.630999048928543E-001   3.626318749069004E-001
        2.779999937862158   3.537644034208151E-001   3.533188819143671E-001
        2.789999937638640   3.443935258048180E-001   3.439704372133472E-001
        2.799999937415123   3.349882091247736E-001   3.345874575342919E-001
        2.809999937191606   3.255493939044701E-001   3.251708636810900E-001
        2.819999936968088   3.160780240175217E-001   3.157215804356963E-001
        2.829999936744571   3.065750465929820E-001   3.062405364620063E-001
        2.839999936521053   2.970414119206317E-001   2.967286642090062E-001
        2.849999936297536   2.874780733559510E-001   2.871868998132168E-001
        2.859999936074018   2.778859872247841E-001   2.776161830004563E-001
        2.869999935850501   2.682661127277078E-001   2.680174569869425E-001
        2.879999935626984   2.586194118441122E-001   2.583916683797592E-001
        2.889999935403466   2.489468492360039E-001   2.487397670767044E-001
        2.899999935179949   2.392493921515398E-001   2.390627061655467E-001
        2.909999934956431   2.295280103283039E-001   2.293614418227099E-001
        2.919999934732914   2.197836758963339E-001   2.196369332114053E-001
        2.929999934509397   2.100173632809093E-001   2.098901423792358E-001
        2.939999934285879   2.002300491051092E-001   2.001220341552918E-001
        2.949999934062362   1.904227120921516E-001   1.903335760467594E-001
        2.959999933838844   1.805963329675210E-001   1.805257381350628E-001
        2.969999933615327   1.707518943608975E-001   1.706994929715598E-001
        2.979999933391809   1.608903807078939E-001   1.608558154728137E-001
        2.989999933168292   1.510127781516137E-001   1.509956828154581E-001
        2.999999932944775   1.411200744440369E-001   1.411200743306786E-001
        3.009999932721257   1.312132588472462E-001   1.312299713983278E-001
        3.019999932497740   1.212933220345014E-001   1.213263573406965E-001
        3.029999932274222   1.113612559911728E-001   1.114102173159587E-001
        3.039999932050705   1.014180539155436E-001   1.014825382113099E-001
        3.049999931827188   9.146471011949096E-002   9.154430853581989E-002
        3.059999931603670   8.150221992905561E-002   8.159651831301644E-002
        3.069999931380153   7.153157958490998E-002   7.164015897322094E-002
        3.079999931156635   6.155378614273508E-002   6.167622324565425E-002
        3.089999930933118   5.156983737351571E-002   5.170570505033034E-002
        3.099999930709600   4.158073166376425E-002   4.172959938975802E-002
        3.109999930486083   3.158746791568278E-002   3.174890224046723E-002
        3.119999930262566   2.159104544727375E-002   2.176461044437979E-002
        3.129999930039048   1.159246389240899E-002   1.177772160004099E-002
        3.139999929815531   1.592723100867159E-003   1.789233953730734E-003
        3.149999929592013  -8.407176961650371E-003  -8.199853709528210E-003
        3.159999929368496  -1.840623631351528E-002  -1.818854217504677E-002
        3.169999929144979  -2.840345505716959E-002  -2.817583190761582E-002
        3.179999928921461  -3.839783347911462E-002  -3.816072316070176E-002
        3.189999928697944  -4.838837214988148E-002  -4.814221608567662E-002
        3.199999928474426  -5.837407202397317E-002  -5.811931084106583E-002
        3.209999928250909  -6.835393453976830E-002  -6.809100770179476E-002
        3.219999928027391  -7.832696171937645E-002  -7.805630716842071E-002
        3.229999927803874  -8.829215626843505E-002  -8.801421007633062E-002
        3.239999927580357  -9.824852167583804E-002  -9.796371770489191E-002
        3.249999927356839  -1.081950623133862E-001  -1.079038318865365E-001
        3.259999927133322  -1.181307835353488E-001  -1.178335551157643E-001
        3.269999926909804  -1.280546917779281E-001  -1.277518906580516E-001
        3.279999926686287  -1.379657946586138E-001  -1.376578426586441E-001
        3.289999926462770  -1.478631010754216E-001  -1.475504162512258E-001
        3.299999926239252  -1.577456213060016E-001  -1.574286176664417E-001
        3.309999926015735  -1.676123671066104E-001  -1.672914543402647E-001
        3.319999925792217  -1.774623518109344E-001  -1.771379350221865E-001
        3.329999925568700  -1.872945904287553E-001  -1.869670698832234E-001
        3.339999925345182  -1.971080997444490E-001  -1.967778706237172E-001
        3.349999925121665  -2.069018984153056E-001  -2.065693505809192E-001
        3.359999924898148  -2.166750070696632E-001  -2.163405248363427E-001
        3.369999924674630  -2.264264484048443E-001  -2.260904103228690E-001
        3.379999924451113  -2.361552472848852E-001  -2.358180259315945E-001
        3.389999924227595  -2.458604308380487E-001  -2.455223926184005E-001
        3.399999924004078  -2.555410285541105E-001  -2.552025335102389E-001
        3.409999923780560  -2.651960723814093E-001  -2.648574740111143E-001
        3.419999923557043  -2.748245968236515E-001  -2.744862419077507E-001
        3.429999923333526  -2.844256390364596E-001  -2.840878674749308E-001
        3.439999923110008  -2.939982389236561E-001  -2.936613835804920E-001
        3.449999922886491  -3.035414392332721E-001  -3.032058257899696E-001
        3.459999922662973  -3.130542856532721E-001  -3.127202324708704E-001
        3.469999922439456  -3.225358269069840E-001  -3.222036448965669E-001
        3.479999922215939  -3.319851148482259E-001  -3.316551073497985E-001
        3.489999921992421  -3.414012045561204E-001  -3.410736672257649E-001
        3.499999921768904  -3.507831544295855E-001  -3.504583751348043E-001
        3.509999921545386  -3.601300262814941E-001  -3.598082850046399E-001
        3.519999921321869  -3.694408854324918E-001  -3.691224541821836E-001
        3.529999921098351  -3.787148008044640E-001  -3.783999435348866E-001
        3.539999920874834  -3.879508450136434E-001  -3.876398175516232E-001
        3.549999920651317  -3.971480944633470E-001  -3.968411444430966E-001
        3.559999920427799  -4.063056294363352E-001  -4.060029962417564E-001
        3.569999920204282  -4.154225341867830E-001  -4.151244489012147E-001
        3.579999919980764  -4.244978970318535E-001  -4.242045823951506E-001
        3.589999919757247  -4.335308104428655E-001  -4.332424808156928E-001
        3.599999919533730  -4.425203711360457E-001  -4.422372324712661E-001
        3.609999919310212  -4.514656801628562E-001  -4.511879299838945E-001
        3.619999919086695  -4.603658429998888E-001  -4.600936703859506E-001
        3.629999918863177  -4.692199696383161E-001  -4.689535552163350E-001
        3.639999918639660  -4.780271746728926E-001  -4.777666906160846E-001
        3.649999918416142  -4.867865773904934E-001  -4.865321874233886E-001
        3.659999918192625  -4.954973018581853E-001  -4.952491612680129E-001
        3.669999917969108  -5.041584770108194E-001  -5.039167326651142E-001
        3.679999917745590  -5.127692367381369E-001  -5.125340271084404E-001
        3.689999917522073  -5.213287199713790E-001  -5.211001751629021E-001
        3.699999917298555  -5.298360707693935E-001  -5.296143125565099E-001
        3.709999917075038  -5.382904384042284E-001  -5.380755802716641E-001
        3.719999916851521  -5.466909774462029E-001  -5.464831246357951E-001
        3.729999916628003  -5.550368478484510E-001  -5.548360974113324E-001
        3.739999916404486  -5.633272150309245E-001  -5.631336558850067E-001
        3.749999916180968  -5.715612499638509E-001  -5.713749629564668E-001
        3.759999915957451  -5.797381292506355E-001  -5.795591872262076E-001
        3.769999915733933  -5.878570352102002E-001  -5.876855030827972E-001
        3.779999915510416  -5.959171559587508E-001  -5.957530907893973E-001
        3.789999915286899  -6.039176854909655E-001  -6.037611365695674E-001
        3.799999915063381  -6.118578237605938E-001  -6.117088326923437E-001
        3.809999914839864  -6.197367767604611E-001  -6.195953775565834E-001
        3.819999914616346  -6.275537566018683E-001  -6.274199757745739E-001
        3.829999914392829  -6.353079815933804E-001  -6.351818382548865E-001
        3.839999914169312  -6.429986763189947E-001  -6.428801822844762E-001
        3.849999913945794  -6.506250717156818E-001  -6.505142316100234E-001
        3.859999913722277  -6.581864051502918E-001  -6.580832165184898E-001
        3.869999913498759  -6.656819204958158E-001  -6.655863739169117E-001
        3.879999913275242  -6.731108682069989E-001  -6.730229474113939E-001
        3.889999913051724  -6.804725053952944E-001  -6.803921873853186E-001
        3.899999912828207  -6.877660959031506E-001  -6.876933510767489E-001
        3.909999912604690  -6.949909103776276E-001  -6.949257026550262E-001
        3.919999912381172  -7.021462263433308E-001  -7.020885132965554E-001
        3.929999912157655  -7.092313282746584E-001  -7.091810612597661E-001
        3.939999911934137  -7.162455076673531E-001  -7.162026319592486E-001
        3.949999911710620  -7.231880631093520E-001  -7.231525180390553E-001
        3.959999911487103  -7.300583003509277E-001  -7.300300194451617E-001
        3.969999911263585  -7.368555323741116E-001  -7.368344434970828E-001
        3.979999911040068  -7.435790794613965E-001  -7.435651049586340E-001
        3.989999910816550  -7.502282692637062E-001  -7.502213261078388E-001
        3.999999910593033  -7.568024368676315E-001  -7.568024368059652E-001
        4.009999910369515  -7.633009248619197E-001  -7.633077745657002E-001
        4.019999910145998  -7.697230834032159E-001  -7.697366846184438E-001
        4.029999909922481  -7.760682702810464E-001  -7.760885199807226E-001
        4.039999909698963  -7.823358509820394E-001  -7.823626415197213E-001
        4.049999909475446  -7.885251987533759E-001  -7.885584180179162E-001
        4.059999909251928  -7.946356946654640E-001  -7.946752262368193E-001
        4.069999909028411  -8.006667276738322E-001  -8.007124509798147E-001
        4.079999908804893  -8.066176946802321E-001  -8.066694851540936E-001
        4.089999908581376  -8.124880005929490E-001  -8.125457298316758E-001
        4.099999908357859  -8.182770583863097E-001  -8.183405943095138E-001
        4.109999908134341  -8.239842891593850E-001  -8.240534961686814E-001
        4.119999907910824  -8.296091221938791E-001  -8.296838613326325E-001
        4.129999907687306  -8.351509950112009E-001  -8.352311241245340E-001
        4.139999907463789  -8.406093534287119E-001  -8.406947273236648E-001
        4.149999907240272  -8.459836516151432E-001  -8.460741222208764E-001
        4.159999907016754  -8.512733521451789E-001  -8.513687686731138E-001
        4.169999906793237  -8.564779260531975E-001  -8.565781351569896E-001
        4.179999906569719  -8.615968528861687E-001  -8.617016988214117E-001
        4.189999906346202  -8.666296207556978E-001  -8.667389455392542E-001
        4.199999906122684  -8.715757263892144E-001  -8.716893699580778E-001
        4.209999905899167  -8.764346751802989E-001  -8.765524755498854E-001
        4.219999905675650  -8.812059812381432E-001  -8.813277746599173E-001
        4.229999905452132  -8.858891674361387E-001  -8.860147885544823E-001
        4.239999905228615  -8.904837654595892E-001  -8.906130474678149E-001
        4.249999905005097  -8.949893158525418E-001  -8.951220906479651E-001
        4.259999904781580  -8.994053680637319E-001  -8.995414664017085E-001
        4.269999904558063  -9.037314804916383E-001  -9.038707321384839E-001
        4.279999904334545  -9.079672205286425E-001  -9.081094544133457E-001
        4.289999904111028  -9.121121646042896E-001  -9.122572089689363E-001
        4.299999903887510  -9.161658982276445E-001  -9.163135807764707E-001
        4.309999903663993  -9.201280160287412E-001  -9.202781640757347E-001
        4.319999903440475  -9.239981217991190E-001  -9.241505624140930E-001
        4.329999903216958  -9.277758285314432E-001  -9.279303886845038E-001
        4.339999902993441  -9.314607584582059E-001  -9.316172651625395E-001
        4.349999902769923  -9.350525430895011E-001  -9.352108235424119E-001
        4.359999902546406  -9.385508232498753E-001  -9.387107049719982E-001
        4.369999902322888  -9.419552491142431E-001  -9.421165600868667E-001
        4.379999902099371  -9.452654802428704E-001  -9.454280490433027E-001
        4.389999901875854  -9.484811856154176E-001  -9.486448415503295E-001
        4.399999901652336  -9.516020436640416E-001  -9.517666169007237E-001
        4.409999901428819  -9.546277423055521E-001  -9.547930640010309E-001
        4.419999901205301  -9.575579789726201E-001  -9.577238814005639E-001
        4.429999900981784  -9.603924606440336E-001  -9.605587773194013E-001
        4.439999900758266  -9.631309038740002E-001  -9.632974696753747E-001
        4.449999900534749  -9.657730348204915E-001  -9.659396861100394E-001
        4.459999900311232  -9.683185892726260E-001  -9.684851640136440E-001
        4.469999900087714  -9.707673126770915E-001  -9.709336505490804E-001
        4.479999899864197  -9.731189601635989E-001  -9.732849026748239E-001
        4.489999899640679  -9.753732965693698E-001  -9.755386871668577E-001
        4.499999899417162  -9.775300964626523E-001  -9.776947806395887E-001
        4.509999899193645  -9.795891441652641E-001  -9.797529695657449E-001
        4.519999898970127  -9.815502337741600E-001  -9.817130502952574E-001
        4.529999898746610  -9.834131691820220E-001  -9.835748290731315E-001
        4.539999898523092  -9.851777640968703E-001  -9.853381220563032E-001
        4.549999898299575  -9.868438420606915E-001  -9.870027553294746E-001
        4.559999898076057  -9.884112364670853E-001  -9.885685649199434E-001
        4.569999897852540  -9.898797905779242E-001  -9.900353968114107E-001
        4.579999897629023  -9.912493575390273E-001  -9.914031069567788E-001
        4.589999897405505  -9.925198003948461E-001  -9.926715612899344E-001
        4.599999897181988  -9.936909921021593E-001  -9.938406357365146E-001
        4.609999896958470  -9.947628155427775E-001  -9.949102162236667E-001
        4.619999896734953  -9.957351635352544E-001  -9.958801986887897E-001
        4.629999896511436  -9.966079388456056E-001  -9.967504890872672E-001
        4.639999896287918  -9.973810541970312E-001  -9.975210033991876E-001
        4.649999896064401  -9.980544322786438E-001  -9.981916676350567E-001
        4.659999895840883  -9.986280057531993E-001  -9.987624178405010E-001
        4.669999895617366  -9.991017172638309E-001  -9.992332000999578E-001
        4.679999895393848  -9.994755194397843E-001  -9.996039705393684E-001
        4.689999895170331  -9.997493749011551E-001  -9.998746953278557E-001
        4.699999894946814  -9.999232562626268E-001       -1.000045350678404
        4.709999894723296  -9.999971461362087E-001       -1.000115922847535
        4.719999894499779  -9.999710371329754E-001       -1.000086408133978
        4.729999894276261  -9.998449318638054E-001  -9.999568128763462E-001
        4.739999894052744  -9.996188429391198E-001  -9.997271534498123E-001
        4.749999893829226  -9.992927929676220E-001  -9.993974562617862E-001
        4.759999893605709  -9.988668145540356E-001  -9.989677577465990E-001
        4.769999893382192  -9.983409502958454E-001  -9.984381043591973E-001
        4.779999893158674  -9.977152527790363E-001  -9.978085525678426E-001
        4.789999892935157  -9.969897845728360E-001  -9.970791688458218E-001
        4.799999892711639  -9.961646182234575E-001  -9.962500296621757E-001
        4.809999892488122  -9.952398362468440E-001  -9.953212214714379E-001
        4.819999892264605  -9.942155311204186E-001  -9.942928407023963E-001
        4.829999892041087  -9.930918052738358E-001  -9.931649937458693E-001
        4.839999891817570  -9.918687710787387E-001  -9.919377969415119E-001
        4.849999891594052  -9.905465508375222E-001  -9.906113765636391E-001
        4.859999891370535  -9.891252767711027E-001  -9.891858688060837E-001
        4.869999891147017  -9.876050910056960E-001  -9.876614197660825E-001
        4.879999890923500  -9.859861455586052E-001  -9.860381854271935E-001
        4.889999890699983  -9.842686023230185E-001  -9.843163316412512E-001
        4.899999890476465  -9.824526330518206E-001  -9.824960341093649E-001
        4.909999890252948  -9.805384193404171E-001  -9.805774783619488E-001
        4.919999890029430  -9.785261526085755E-001  -9.785608597378088E-001
        4.929999889805913  -9.764160340812830E-001  -9.764463833622692E-001
        4.939999889582396  -9.742082747686246E-001  -9.742342641243550E-001
        4.949999889358878  -9.719030954446818E-001  -9.719247266530279E-001
        4.959999889135361  -9.695007266254557E-001  -9.695180052924787E-001
        4.969999888911843  -9.670014085458156E-001  -9.670143440764846E-001
        4.979999888688326  -9.644053911354756E-001  -9.644139967018291E-001
        4.989999888464808  -9.617129339940016E-001  -9.617172265007878E-001
        4.999999888241291  -9.589243063648522E-001  -9.589243064126951E-001
        5.009999888017774  -9.560397871084537E-001  -9.560355189545766E-001
        5.019999887794256  -9.530596646743154E-001  -9.530511561908670E-001
        5.029999887570739  -9.499842370721838E-001  -9.499715197022097E-001
        5.039999887347221  -9.468138118422426E-001  -9.467969205533473E-001
        5.049999887123704  -9.435487060243586E-001  -9.435276792600943E-001
        5.059999886900187  -9.401892461263780E-001  -9.401641257554181E-001
        5.069999886676669  -9.367357680914761E-001  -9.367065993546080E-001
        5.079999886453152  -9.331886172645630E-001  -9.331554487195552E-001
        5.089999886229634  -9.295481483577498E-001  -9.295110318221385E-001
        5.099999886006117  -9.258147254148769E-001  -9.257737159067194E-001
        5.109999885782599  -9.219887217751109E-001  -9.219438774517599E-001
        5.119999885559082  -9.180705200356103E-001  -9.180219021305568E-001
        5.129999885335565  -9.140605120132664E-001  -9.140081847711022E-001
        5.139999885112047  -9.099590987055218E-001  -9.099031293150764E-001
        5.149999884888530  -9.057666902502711E-001  -9.057071487759719E-001
        5.159999884665012  -9.014837058848476E-001  -9.014206651963630E-001
        5.169999884441495  -8.971105739040993E-001  -8.970441096043112E-001
        5.179999884217978  -8.926477316175606E-001  -8.925779219689275E-001
        5.189999883994460  -8.880956253057211E-001  -8.880225511550848E-001
        5.199999883770943  -8.834547101753983E-001  -8.833784548772897E-001
        5.209999883547425  -8.787254503142171E-001  -8.786460996527186E-001
        5.219999883323908  -8.739083186442014E-001  -8.738259607534221E-001
        5.229999883100390  -8.690037968744824E-001  -8.689185221577048E-001
        5.239999882876873  -8.640123754531279E-001  -8.639242765006840E-001
        5.249999882653356  -8.589345535180986E-001  -8.588437250240315E-001
        5.259999882429838  -8.537708388473334E-001  -8.536773775249066E-001
        5.269999882206321  -8.485217478079734E-001  -8.484257523040845E-001
        5.279999881982803  -8.431878053047249E-001  -8.430893761132842E-001
        5.289999881759286  -8.377695447273693E-001  -8.376687841017035E-001
        5.299999881535769  -8.322675078974250E-001  -8.321645197617658E-001
        5.309999881312251  -8.266822450139654E-001  -8.265771348740797E-001
        5.319999881088734  -8.210143145985994E-001  -8.209071894516310E-001
        5.329999880865216  -8.152642834396201E-001  -8.151552516831924E-001
        5.339999880641699  -8.094327265353259E-001  -8.093218978759738E-001
        5.349999880418181  -8.035202270365216E-001  -8.034077123975119E-001
        5.359999880194664  -7.975273761882036E-001  -7.974132876168036E-001
        5.369999879971147  -7.914547732704358E-001  -7.913392238446930E-001
        5.379999879747629  -7.853030255384224E-001  -7.851861292735154E-001
        5.389999879524112  -7.790727481617827E-001  -7.789546199160057E-001
        5.399999879300594  -7.727645641630346E-001  -7.726453195434745E-001
        5.409999879077077  -7.663791043552931E-001  -7.662588596232633E-001
        5.419999878853559  -7.599170072791890E-001  -7.597958792554791E-001
        5.429999878630042  -7.533789191390161E-001  -7.532570251090182E-001
        5.439999878406525  -7.467654937381109E-001  -7.466429513568853E-001
        5.449999878183007  -7.400773924134725E-001  -7.399543196108114E-001
        5.459999877959490  -7.333152839696302E-001  -7.331917988551804E-001
        5.469999877735972  -7.264798446117632E-001  -7.263560653802693E-001
        5.479999877512455  -7.195717578780804E-001  -7.194478027148091E-001
        5.489999877288938  -7.125917145714675E-001  -7.124677015578673E-001
        5.499999877065420  -7.055404126904076E-001  -7.054164597100715E-001
        5.509999876841903  -6.984185573591808E-001  -6.982947820041654E-001
        5.519999876618385  -6.912268607573538E-001  -6.911033802349165E-001
        5.529999876394868  -6.839660420485615E-001  -6.838429730883708E-001
        5.539999876171350  -6.766368273085916E-001  -6.765142860704739E-001
        5.549999875947833  -6.692399494527779E-001  -6.691180514350535E-001
        5.559999875724316  -6.617761481627086E-001  -6.616550081111762E-001
        5.569999875500798  -6.542461698122596E-001  -6.541259016298859E-001
        5.579999875277281  -6.466507673929575E-001  -6.465314840503292E-001
        5.589999875053763  -6.389907004386804E-001  -6.388725138852701E-001
        5.599999874830246  -6.312667349497066E-001  -6.311497560260123E-001
        5.609999874606729  -6.234796433161136E-001  -6.233639816667254E-001
        5.619999874383211  -6.156302042405407E-001  -6.155159682281858E-001
        5.629999874159694  -6.077192026603192E-001  -6.076064992809415E-001
        5.639999873936176  -5.997474296689793E-001  -5.996363644679046E-001
        5.649999873712659  -5.917156824371416E-001  -5.916063594263814E-001
        5.659999873489141  -5.836247641327998E-001  -5.835172857095439E-001
        5.669999873265624  -5.754754838410062E-001  -5.753699507073556E-001
        5.679999873042107  -5.672686564829623E-001  -5.671651675669503E-001
        5.689999872818589  -5.590051027345283E-001  -5.589037551124827E-001
        5.699999872595072  -5.506856489441557E-001  -5.505865377644459E-001
        5.709999872371554  -5.423111270502536E-001  -5.422143454584714E-001
        5.719999872148037  -5.338823744979952E-001  -5.337880135636189E-001
        5.729999871924520  -5.254002341555741E-001  -5.253083828001568E-001
        5.739999871701002  -5.168655542299182E-001  -5.167762991568483E-001
        5.749999871477485  -5.082791881818698E-001  -5.081926138077471E-001
        5.759999871253967  -4.996419946408397E-001  -4.995581830285099E-001
        5.769999871030450  -4.909548373189462E-001  -4.908738681122352E-001
        5.779999870806932  -4.822185849246431E-001  -4.821405352848337E-001
        5.789999870583415  -4.734341110758506E-001  -4.733590556199410E-001
        5.799999870359898  -4.646022942125941E-001  -4.645303049533775E-001
        5.809999870136380  -4.557240175091605E-001  -4.556551637971631E-001
        5.819999869912863  -4.468001687857820E-001  -4.467345172530989E-001
        5.829999869689345  -4.378316404198544E-001  -4.377692549259171E-001
        5.839999869465828  -4.288193292567006E-001  -4.287602708360127E-001
        5.849999869242311  -4.197641365198863E-001  -4.197084633317605E-001
        5.859999869018793  -4.106669677210987E-001  -4.106147350014293E-001
        5.869999868795276  -4.015287325695961E-001  -4.014799925846960E-001
        5.879999868571758  -3.923503448812377E-001  -3.923051468837744E-001
        5.889999868348241  -3.831327224871026E-001  -3.830911126741604E-001
        5.899999868124723  -3.738767871417077E-001  -3.738388086150043E-001
        5.909999867901206  -3.645834644308329E-001  -3.645491571591190E-001
        5.919999867677689  -3.552536836789634E-001  -3.552230844626303E-001
        5.929999867454171  -3.458883778563577E-001  -3.458615202942785E-001
        5.939999867230654  -3.364884834857521E-001  -3.364653979443791E-001
        5.949999867007136  -3.270549405487082E-001  -3.270356541334502E-001
        5.959999866783619  -3.175886923916163E-001  -3.175732289205166E-001
        5.969999866560102  -3.080906856313613E-001  -3.080790656110960E-001
        5.979999866336584  -2.985618700606618E-001  -2.985541106648776E-001
        5.989999866113067  -2.890031985530916E-001  -2.889993136030999E-001
        5.999999865889549  -2.794156269677933E-001  -2.794156269156378E-001
        6.009999865666032  -2.698001140538928E-001  -2.698040059678052E-001
        6.019999865442514  -2.601576213546257E-001  -2.601654089068828E-001
        6.029999865218997  -2.504891131111834E-001  -2.505007965683775E-001
        6.039999864995480  -2.407955561662899E-001  -2.408111323820257E-001
        6.049999864771962  -2.310779198675186E-001  -2.310973822775427E-001
        6.059999864548445  -2.213371759703577E-001  -2.213605145901340E-001
        6.069999864324927  -2.115742985410363E-001  -2.116014999657689E-001
        6.079999864101410  -2.017902638591180E-001  -2.018213112662317E-001
        6.089999863877892  -1.919860503198737E-001  -1.920209234739553E-001
        6.099999863654375  -1.821626383364436E-001  -1.822013135966452E-001
        6.109999863430858  -1.723210102417958E-001  -1.723634605717049E-001
        6.119999863207340  -1.624621501904945E-001  -1.625083451704683E-001
        6.129999862983823  -1.525870440602851E-001  -1.526369499022516E-001
        6.139999862760305  -1.426966793535072E-001  -1.427502589182264E-001
        6.149999862536788  -1.327920450983453E-001  -1.328492579151306E-001
        6.159999862313271  -1.228741317499269E-001  -1.229349340388197E-001
        6.169999862089753  -1.129439310912776E-001  -1.130082757876690E-001
        6.179999861866236  -1.030024361341437E-001  -1.030702729158365E-001
        6.189999861642718  -9.305064101969182E-002  -9.312191633639207E-002
        6.199999861419201  -8.308954091909593E-002  -8.316419802432465E-002
        6.209999861195683  -7.312013193402060E-002  -7.319811091943365E-002
        6.219999860972166  -6.314341099701198E-002  -6.322464882911427E-002
        6.229999860748649  -5.316037577180528E-002  -5.324480633104635E-002
        6.239999860525131  -4.317202455355919E-002  -4.325957867579178E-002
        6.249999860301614  -3.317935616902730E-002  -3.326996168931372E-002
        6.259999860078096  -2.318336987667620E-002  -2.327695167542241E-002
        6.269999859854579  -1.318506526676048E-002  -1.328154531815940E-002
        6.279999859631062  -3.185442161364550E-003  -3.284739584125088E-003
        6.289999859407544   6.814499485578756E-003   6.712468375237007E-003
        6.299999859184027   1.681375968828270E-002   1.670908132139558E-002
        6.309999858960509   2.681133852910439E-002   2.670410202651424E-002
        6.319999858736992   3.680623625853574E-002   3.669653337125373E-002
        6.329999858513474   4.679745339517753E-002   4.668537844258647E-002
        6.339999858289957   5.678399082568674E-002   5.666964063161259E-002
        6.349999858066440   6.676484990468706E-002   6.664832373137056E-002
        6.359999857842922   7.673903255463256E-002   7.662043203463240E-002
        6.369999857619405   8.670554136561462E-002   8.658497043167571E-002
        6.379999857395887   9.666337969510209E-002   9.654094450802288E-002
        6.389999857172370   1.066115517676047E-001   1.064873606421398E-001
        6.399999856948853   1.165490627742498E-001   1.164232261030855E-001
        6.409999856725335   1.264749189722624E-001   1.263475491481013E-001
        6.419999856501818   1.363881277843386E-001   1.362593391201355E-001
        6.429999856278300   1.462876978979024E-001   1.461576065452903E-001
        6.439999856054783   1.561726393642363E-001   1.560413632301852E-001
        6.449999855831265   1.660419636974755E-001   1.659096223592263E-001
        6.459999855607748   1.758946839734549E-001   1.757613985917749E-001
        6.469999855384231   1.857298149284017E-001   1.855957081592045E-001
        6.479999855160713   1.955463730574603E-001   1.954115689618383E-001
        6.489999854937196   2.053433767130421E-001   2.052080006657594E-001
        6.499999854713678   2.151198462029894E-001   2.149840247994837E-001
        6.509999854490161   2.248748038885439E-001   2.247386648504870E-001
        6.519999854266644   2.346072742821100E-001   2.344709463615792E-001
        6.529999854043126   2.443162841448019E-001   2.441798970271140E-001
        6.539999853819609   2.540008625837678E-001   2.538645467890274E-001
        6.549999853596091   2.636600411492775E-001   2.635239279326979E-001
        6.559999853372574   2.732928539315668E-001   2.731570751826142E-001
        6.569999853149056   2.828983376574279E-001   2.827630257978486E-001
        6.579999852925539   2.924755317865358E-001   2.923408196673227E-001
        6.589999852702022   3.020234786075012E-001   3.018894994048574E-001
        6.599999852478504   3.115412233336414E-001   3.114081104440006E-001
        6.609999852254987   3.210278141984578E-001   3.208957011326221E-001
        6.619999852031469   3.304823025508117E-001   3.303513228272684E-001
        6.629999851807952   3.399037429497888E-001   3.397740299872662E-001
        6.639999851584435   3.492911932592426E-001   3.491628802685688E-001
        6.649999851360917   3.586437147420069E-001   3.585169346173372E-001
        6.659999851137400   3.679603721537690E-001   3.678352573632428E-001
        6.669999850913882   3.772402338365933E-001   3.771169163124886E-001
        6.679999850690365   3.864823718120861E-001   3.863609828405371E-001
        6.689999850466847   3.956858618741929E-001   3.955665319845365E-001
        6.699999850243330   4.048497836816182E-001   4.047326425354387E-001
        6.709999850019813   4.139732208498589E-001   4.138583971297974E-001
        6.719999849796295   4.230552610428417E-001   4.229428823412408E-001
        6.729999849572778   4.320949960641562E-001   4.319851887716087E-001
        6.739999849349260   4.410915219478739E-001   4.409844111417450E-001
        6.749999849125743   4.500439390489437E-001   4.499396483819394E-001
        6.759999848902225   4.589513521331557E-001   4.588500037220079E-001
        6.769999848678708   4.678128704666642E-001   4.677145847810027E-001
        6.779999848455191   4.766276079050601E-001   4.765325036565478E-001
        6.789999848231673   4.853946829819845E-001   4.853028770137843E-001
        6.799999848008156   4.941132189972747E-001   4.940248261739253E-001
        6.809999847784638   5.027823441046337E-001   5.026974772024043E-001
        6.819999847561121   5.114011913988137E-001   5.113199609966171E-001
        6.829999847337604   5.199688990023061E-001   5.198914133732379E-001
        6.839999847114086   5.284846101515287E-001   5.284109751551131E-001
        6.849999846890569   5.369474732825010E-001   5.368777922577168E-001
        6.859999846667051   5.453566421160001E-001   5.452910157751608E-001
        6.869999846443534   5.537112757421878E-001   5.536498020657524E-001
        6.879999846220016   5.620105387047011E-001   5.619533128370928E-001
        6.889999845996499   5.702536010841968E-001   5.702007152307039E-001
        6.899999845772982   5.784396385813430E-001   5.783911819061796E-001
        6.909999845549464   5.865678325992483E-001   5.865238911248494E-001
        6.919999845325947   5.946373703253207E-001   5.945980268329495E-001
        6.929999845102429   6.026474448125482E-001   6.026127787442922E-001
        6.939999844878912   6.105972550601930E-001   6.105673424224241E-001
        6.949999844655395   6.184860060938907E-001   6.184609193622670E-001
        6.959999844431877   6.263129090451470E-001   6.262927170712321E-001
        6.969999844208360   6.340771812302244E-001   6.340619491497994E-001
        6.979999843984842   6.417780462284091E-001   6.417678353715561E-001
        6.989999843761325   6.494147339596531E-001   6.494096017626833E-001
        6.999999843537807   6.569864807615814E-001   6.569864806808861E-001
        7.009999843314290   6.644925294658574E-001   6.644977108937541E-001
        7.019999843090773   6.719321294738990E-001   6.719425376565523E-001
        7.029999842867255   6.793045368319387E-001   6.793202127894264E-001
        7.039999842643738   6.866090143054171E-001   6.866299947540198E-001
        7.049999842420220   6.938448314527065E-001   6.938711487294925E-001
        7.059999842196703   7.010112646981543E-001   7.010429466879341E-001
        7.069999841973186   7.081075974044403E-001   7.081446674691648E-001
        7.079999841749668   7.151331199442389E-001   7.151755968549137E-001
        7.089999841526151   7.220871297711823E-001   7.221350276423690E-001
        7.099999841302633   7.289689314901137E-001   7.290222597170934E-001
        7.109999841079116   7.357778369266268E-001   7.358366001252916E-001
        7.119999840855598   7.425131651958825E-001   7.425773631454307E-001
        7.129999840632081   7.491742427706969E-001   7.492438703591983E-001
        7.139999840408564   7.557604035488930E-001   7.558354507217951E-001
        7.149999840185046   7.622709889199107E-001   7.623514406315511E-001
        7.159999839961529   7.687053478306679E-001   7.687911839988648E-001
        7.169999839738011   7.750628368506640E-001   7.751540323144478E-001
        7.179999839514494   7.813428202363233E-001   7.814393447168758E-001
        7.189999839290977   7.875446699945685E-001   7.876464880594348E-001
        7.199999839067459   7.936677659456199E-001   7.937748369762574E-001
        7.209999838843942   7.997114957850123E-001   7.998237739477361E-001
        7.219999838620424   8.056752551448252E-001   8.057926893652186E-001
        7.229999838396907   8.115584476541189E-001   8.116809815949595E-001
        7.239999838173389   8.173604849985716E-001   8.174880570413433E-001
        7.249999837949872   8.230807869793096E-001   8.232133302093501E-001
        7.259999837726355   8.287187815709276E-001   8.288562237662723E-001
        7.269999837502837   8.342739049786898E-001   8.344161686026682E-001
        7.279999837279320   8.397456016949094E-001   8.398926038925472E-001
        7.289999837055802   8.451333245544991E-001   8.452849771527787E-001
        7.299999836832285   8.504365347896867E-001   8.505927443017196E-001
        7.309999836608768   8.556547020838918E-001   8.558153697170517E-001
        7.319999836385250   8.607873046247568E-001   8.609523262928226E-001
        7.329999836161733   8.658338291563276E-001   8.660030954956832E-001
        7.339999835938215   8.707937710303790E-001   8.709671674203179E-001
        7.349999835714698   8.756666342568792E-001   8.758440408440540E-001
        7.359999835491180   8.804519315535879E-001   8.806332232806503E-001
        7.369999835267663   8.851491843947846E-001   8.853342310332574E-001
        7.379999835044146   8.897579230591206E-001   8.899465892465359E-001
        7.389999834820628   8.942776866765905E-001   8.944698319579396E-001
        7.399999834597111   8.987080232746194E-001   8.989035021481397E-001
        7.409999834373593   9.030484898232591E-001   9.032471517906017E-001
        7.419999834150076   9.072986522794914E-001   9.075003419002943E-001
        7.429999833926558   9.114580856306311E-001   9.116626425815316E-001
        7.439999833703041   9.155263739368282E-001   9.157336330749389E-001
        7.449999833479524   9.195031103726604E-001   9.197129018035392E-001
        7.459999833256006   9.233878972678158E-001   9.236000464179496E-001
        7.469999833032489   9.271803461468595E-001   9.273946738406857E-001
        7.479999832808971   9.308800777680810E-001   9.310964003095664E-001
        7.489999832585454   9.344867221614178E-001   9.347048514202102E-001
        7.499999832361937   9.379999186654523E-001   9.382196621676204E-001
        7.509999832138419   9.414193159634773E-001   9.416404769868572E-001
        7.519999831914902   9.447445721186277E-001   9.449669497927761E-001
        7.529999831691384   9.479753546080742E-001   9.481987440188493E-001
        7.539999831467867   9.511113403562744E-001   9.513355326550351E-001
        7.549999831244349   9.541522157672808E-001   9.543769982847261E-001
        7.559999831020832   9.570976767561000E-001   9.573228331207306E-001
        7.569999830797315   9.599474287791008E-001   9.601727390403161E-001
        7.579999830573797   9.627011868634685E-001   9.629264276192869E-001
        7.589999830350280   9.653586756357017E-001   9.655836201651006E-001
        7.599999830126762   9.679196293491495E-001   9.681440477490141E-001
        7.609999829903245   9.703837919105863E-001   9.706074512372566E-001
        7.619999829679728   9.727509169058205E-001   9.729735813212194E-001
        7.629999829456210   9.750207676243355E-001   9.752421985466659E-001
        7.639999829232693   9.771931170829614E-001   9.774130733419446E-001
        7.649999829009175   9.792677480485722E-001   9.794859860452104E-001
        7.659999828785658   9.812444530598095E-001   9.814607269306441E-001
        7.669999828562140   9.831230344478281E-001   9.833370962336654E-001
        7.679999828338623   9.849033043560633E-001   9.851149041751339E-001
        7.689999828115106   9.865850847590156E-001   9.867939709845380E-001
        7.699999827891588   9.881682074800540E-001   9.883741269221579E-001
        7.709999827668071   9.896525142082323E-001   9.898552123002063E-001
        7.719999827444553   9.910378565141217E-001   9.912370775029365E-001
        7.729999827221036   9.923240958646519E-001   9.925195830057179E-001
        7.739999826997519   9.935111036369656E-001   9.937025993930692E-001
        7.749999826774001   9.945987611312800E-001   9.947860073756476E-001
        7.759999826550484   9.955869595827570E-001   9.957696978061900E-001
        7.769999826326966   9.964756001723792E-001   9.966535716944006E-001
        7.779999826103449   9.972645940368323E-001   9.974375402207800E-001
        7.789999825879931   9.979538622773909E-001   9.981215247493916E-001
        7.799999825656414   9.985433359678083E-001   9.987054568395649E-001
        7.809999825432897   9.990329561612094E-001   9.991892782565226E-001
        7.819999825209379   9.994226738959848E-001   9.995729409809391E-001
        7.829999824985862   9.997124502006880E-001   9.998564072174161E-001
        7.839999824762344   9.999022560979309E-001        1.000039649401876
        7.849999824538827   9.999920726072830E-001        1.000122650207871
        7.859999824315310   9.999818907471686E-001        1.000105402551796
        7.869999824091792   9.998717115357650E-001   9.999879095970158E-001
        7.879999823868275   9.996615459909013E-001   9.997701847568875E-001
        7.889999823644757   9.993514151289558E-001   9.994522516966793E-001
        7.899999823421240   9.989413499627547E-001   9.990341443343946E-001
        7.909999823197722   9.984313914984714E-001   9.985159068404749E-001
        7.919999822974205   9.978215907315248E-001   9.978975936363975E-001
        7.929999822750688   9.971120086414809E-001   9.971792693921567E-001
        7.939999822527170   9.963027161859540E-001   9.963610090226236E-001
        7.949999822303653   9.953937942935117E-001   9.954428976827875E-001
        7.959999822080135   9.943853338555819E-001   9.944250307618685E-001
        7.969999821856618   9.932774357173634E-001   9.933075138763026E-001
        7.979999821633101   9.920702106677418E-001   9.920904628615985E-001
        7.989999821409583   9.907637794282107E-001   9.907740037630541E-001
        7.999999821186066   9.893582726407995E-001   9.893582728253418E-001
        8.009999820962548   9.878538308550093E-001   9.878434164809504E-001
        8.019999820739031   9.862506045137585E-001   9.862295913374843E-001
        8.029999820515513   9.845487539383377E-001   9.845169641638222E-001
        8.039999820291996   9.827484493123790E-001   9.827057118751169E-001
        8.049999820068479   9.808498706648365E-001   9.807960215166615E-001
        8.059999819844961   9.788532078519844E-001   9.787880902465850E-001
        8.069999819621444   9.767586605384310E-001   9.766821253174068E-001
        8.079999819397926   9.745664381771530E-001   9.744783440564273E-001
        8.089999819174409   9.722767599885499E-001   9.721769738449595E-001
        8.099999818950891   9.698898549385223E-001   9.697782520964001E-001
        8.109999818727374   9.674059617155752E-001   9.672824262331393E-001
        8.119999818503857   9.648253287069501E-001   9.646897536623013E-001
        8.129999818280339   9.621482139737859E-001   9.620005017503201E-001
        8.139999818056822   9.593748852253128E-001   9.592149477963460E-001
        8.149999817833304   9.565056197920823E-001   9.563333790044796E-001
        8.159999817609787   9.535407045982337E-001   9.533560924548385E-001
        8.169999817386270   9.504804361328025E-001   9.502833950734451E-001
        8.179999817162752   9.473251204200713E-001   9.471156036009406E-001
        8.189999816939235   9.440750729889680E-001   9.438530445601261E-001
        8.199999816715717   9.407306188415125E-001   9.404960542223201E-001
        8.209999816492200   9.372920924203179E-001   9.370449785725438E-001
        8.219999816268682   9.337598375751452E-001   9.335001732735196E-001
        8.229999816045165   9.301342075285198E-001   9.298620036284947E-001
        8.239999815821648   9.264155648404089E-001   9.261308445428804E-001
        8.249999815598130   9.226042813719655E-001   9.223070804847076E-001
        8.259999815374613   9.187007382483436E-001   9.183911054438995E-001
        8.269999815151095   9.147053258205852E-001   9.143833228903649E-001
        8.279999814927578   9.106184436265855E-001   9.102841457308999E-001
        8.289999814704061   9.064405003511400E-001   9.060939962649069E-001
        8.299999814480543   9.021719137850761E-001   9.018133061389338E-001
        8.309999814257026   8.978131107834740E-001   8.974425163000185E-001
        8.319999814033508   8.933645272229822E-001   8.929820769478541E-001
        8.329999813809991   8.888266079582295E-001   8.884324474857673E-001
        8.339999813586473   8.841998067773408E-001   8.837940964705076E-001
        8.349999813362956   8.794845863565577E-001   8.790675015608542E-001
        8.359999813139439   8.746814182139717E-001   8.742531494650367E-001
        8.369999812915921   8.697907826623733E-001   8.693515358869669E-001
        8.379999812692404   8.648131687612199E-001   8.643631654712927E-001
        8.389999812468886   8.597490742677317E-001   8.592885517472583E-001
        8.399999812245369   8.545990055871152E-001   8.541282170713903E-001
        8.409999812021852   8.493634777219238E-001   8.488826925689906E-001
        8.419999811798334   8.440430142205576E-001   8.435525180744553E-001
        8.429999811574817   8.386381471249093E-001   8.381382420704052E-001
        8.439999811351299   8.331494169171602E-001   8.326404216256414E-001
        8.449999811127782   8.275773724657326E-001   8.270596223319159E-001
        8.459999810904264   8.219225709704036E-001   8.213964182395250E-001
        8.469999810680747   8.161855779065847E-001   8.156513917917283E-001
        8.479999810457230   8.103669669687763E-001   8.098251337579891E-001
        8.489999810233712   8.044673200131971E-001   8.039182431660377E-001
        8.499999810010195   7.984872269996000E-001   7.979313272327676E-001
        8.509999809786677   7.924272859322762E-001   7.918650012939554E-001
        8.519999809563160   7.862881028002554E-001   7.857198887328103E-001
        8.529999809339643   7.800702915167074E-001   7.794966209073618E-001
        8.539999809116125   7.737744738575512E-001   7.731958370766743E-001
        8.549999808892608   7.674012793992782E-001   7.668181843259013E-001
        8.559999808669090   7.609513454559946E-001   7.603643174901770E-001
        8.569999808445573   7.544253170156913E-001   7.538348990773491E-001
        8.579999808222055   7.478238466757444E-001   7.472305991895546E-001
        8.589999807998538   7.411475945776573E-001   7.405520954436353E-001
        8.599999807775021   7.343972283410467E-001   7.338000728904118E-001
        8.609999807551503   7.275734229968805E-001   7.269752239327972E-001
        8.619999807327986   7.206768609199763E-001   7.200782482427688E-001
        8.629999807104468   7.137082317607637E-001   7.131098526771973E-001
        8.639999806880951   7.066682323763204E-001   7.060707511925315E-001
        8.649999806657434   6.995575667606867E-001   6.989616647583463E-001
        8.659999806433916   6.923769459744668E-001   6.917833212697569E-001
        8.669999806210399   6.851270880737235E-001   6.845364554587006E-001
        8.679999805986881   6.778087180381728E-001   6.772218088040911E-001
        8.689999805763364   6.704225676986870E-001   6.698401294408458E-001
        8.699999805539846   6.629693756641120E-001   6.623921720677972E-001
        8.709999805316329   6.554498872474067E-001   6.548786978544823E-001
        8.719999805092812   6.478648543911133E-001   6.473004743468197E-001
        8.729999804869294   6.402150355921624E-001   6.396582753716793E-001
        8.739999804645777   6.325011958260250E-001   6.319528809403456E-001
        8.749999804422259   6.247241064702150E-001   6.241850771508780E-001
        8.759999804198742   6.168845452271524E-001   6.163556560893759E-001
        8.769999803975224   6.089832960463936E-001   6.084654157301526E-001
        8.779999803751707   6.010211490462366E-001   6.005151598348164E-001
        8.789999803528190   5.929989004347112E-001   5.925056978502758E-001
        8.799999803304672   5.849173524299571E-001   5.844378448056590E-001
        8.809999803081155   5.767773131800045E-001   5.763124212081613E-001
        8.819999802857637   5.685795966819582E-001   5.681302529378285E-001
        8.829999802634120   5.603250227006003E-001   5.598921711412693E-001
        8.839999802410603   5.520144166864130E-001   5.515990121243147E-001
        8.849999802187085   5.436486096930353E-001   5.432516172436208E-001
        8.859999801963568   5.352284382941574E-001   5.348508327972262E-001
        8.869999801740050   5.267547444998650E-001   5.263975099140650E-001
        8.879999801516533   5.182283756724383E-001   5.178925044424458E-001
        8.889999801293015   5.096501844416164E-001   5.093366768374962E-001
        8.899999801069498   5.010210286193356E-001   5.007308920475865E-001
        8.909999800845981   4.923417711139488E-001   4.920760193997314E-001
        8.919999800622463   4.836132798439350E-001   4.833729324839809E-001
        8.929999800398946   4.748364276511083E-001   4.746225090368034E-001
        8.939999800175428   4.660120922133349E-001   4.658256308234698E-001
        8.949999799951911   4.571411559567655E-001   4.569831835194426E-001
        8.959999799728394   4.482245059675936E-001   4.480960565907806E-001
        8.969999799504876   4.392630339033479E-001   4.391651431735605E-001
        8.979999799281359   4.302576359037267E-001   4.301913399523268E-001
        8.989999799057841   4.212092125009854E-001   4.211755470375748E-001
        8.999999798834324   4.121186685298834E-001   4.121186678422751E-001
        9.009999798610806   4.029869130372017E-001   4.030216089574453E-001
        9.019999798387289   3.938148591908392E-001   3.938852800267780E-001
        9.029999798163772   3.846034241884960E-001   3.847105936203304E-001
        9.039999797940254   3.753535291659549E-001   3.754984651072857E-001
        9.049999797716737   3.660660991049688E-001   3.662498125277916E-001
        9.059999797493219   3.567420627407627E-001   3.569655564638872E-001
        9.069999797269702   3.473823524691613E-001   3.476466199095199E-001
        9.079999797046185   3.379879042533502E-001   3.382939281396699E-001
        9.089999796822667   3.285596575302803E-001   3.289084085785794E-001
        9.099999796599150   3.190985551167249E-001   3.194909906671075E-001
        9.109999796375632   3.096055431149989E-001   3.100426057292048E-001
        9.119999796152115   3.000815708183491E-001   3.005641868375301E-001
        9.129999795928597   2.905275906160262E-001   2.910566686782097E-001
        9.139999795705080   2.809445578980458E-001   2.815209874147506E-001
        9.149999795481563   2.713334309596513E-001   2.719580805511164E-001
        9.159999795258045   2.616951709054842E-001   2.623688867939735E-001
        9.169999795034528   2.520307415534749E-001   2.527543459141242E-001
        9.179999794811010   2.423411093384619E-001   2.431153986071214E-001
        9.189999794587493   2.326272432155486E-001   2.334529863530932E-001
        9.199999794363976   2.228901145632090E-001   2.237680512757701E-001
        9.209999794140458   2.131306970861507E-001   2.140615360007352E-001
        9.219999793916941   2.033499667179448E-001   2.043343835129044E-001
        9.229999793693423   1.935489015234339E-001   1.945875370132446E-001
        9.239999793469906   1.837284816009260E-001   1.848219397747438E-001
        9.249999793246388   1.738896889841860E-001   1.750385349976412E-001
        9.259999793022871   1.640335075442325E-001   1.652382656639266E-001
        9.269999792799354   1.541609228909519E-001   1.554220743911237E-001
        9.279999792575836   1.442729222745384E-001   1.455909032853627E-001
        9.289999792352319   1.343704944867694E-001   1.357456937937634E-001
        9.299999792128801   1.244546297621275E-001   1.258873865561212E-001
        9.309999791905284   1.145263196787775E-001   1.160169212559272E-001
        9.319999791681767   1.045865570594099E-001   1.061352364707263E-001
        9.329999791458249   9.463633587195905E-002   9.624326952181486E-002
        9.339999791234732   8.467665113020742E-002   8.634195632330670E-002
        9.349999791011214   7.470849879428493E-002   7.643223123056608E-002
        9.359999790787697   6.473287567107386E-002   6.651502688803027E-002
        9.369999790564179   5.475077931452894E-002   5.659127407641833E-002
        9.379999790340662   4.476320792592281E-002   4.666190155935581E-002
        9.389999790117145   3.477116025402675E-002   3.672783592941523E-002
        9.399999789893627   2.477563549523658E-002   2.679000145359266E-002
        9.409999789670110   1.477763319365395E-002   1.684931991822636E-002
        9.419999789446592   4.778153141132656E-003   6.906710473377209E-003
        9.429999789223075  -5.221804722699606E-003  -3.036910523328051E-003
        9.439999788999557  -1.522124041043443E-002  -1.298062966336029E-002
        9.449999788776040  -2.521915398688058E-002  -2.292353664445577E-002
        9.459999788552523  -3.521454566905667E-002  -3.286472442827873E-002
        9.469999788329005  -4.520641592616863E-002  -4.280328939855725E-002
        9.479999788105488  -5.519376557956194E-002  -5.273833151968003E-002
        9.489999787881970  -6.517559590263869E-002  -6.266895449574288E-002
        9.499999787658453  -7.515090872072933E-002  -7.259426593003382E-002
        9.509999787434936  -8.511870651090940E-002  -8.251337748492676E-002
        9.519999787211418  -9.507799250175089E-002  -9.242540504219816E-002
        9.529999786987901  -1.050277707729986E-001  -1.023294688637239E-001
        9.539999786764383  -1.149670463551614E-001  -1.122246937525535E-001
        9.549999786540866  -1.248948253290082E-001  -1.221102092143588E-001
        9.559999786317348  -1.348101149249591E-001  -1.319851496192195E-001
        9.569999786093831  -1.447119236223614E-001  -1.418486543637390E-001
        9.579999785870314  -1.545992612486414E-001  -1.516998680334917E-001
        9.589999785646796  -1.644711390783198E-001  -1.615379405657618E-001
        9.599999785423279  -1.743265699318845E-001  -1.713620274125725E-001
        9.609999785199761  -1.841645682745069E-001  -1.811712897039888E-001
        9.619999784976244  -1.939841503145951E-001  -1.909648944116744E-001
        9.629999784752727  -2.037843341021719E-001  -2.007420145126844E-001
        9.639999784529209  -2.135641396270692E-001  -2.105018291534904E-001
        9.649999784305692  -2.233225889169280E-001  -2.202435238142101E-001
        9.659999784082174  -2.330587061349950E-001  -2.299662904730200E-001
        9.669999783858657  -2.427715176777052E-001  -2.396693277707573E-001
        9.679999783635139  -2.524600522720419E-001  -2.493518411756694E-001
        9.689999783411622  -2.621233410726626E-001  -2.590130431483093E-001
        9.699999783188105  -2.717604177587831E-001  -2.686521533065533E-001
        9.709999782964587  -2.813703186308089E-001  -2.782683985907250E-001
        9.719999782741070  -2.909520827067039E-001  -2.878610134288122E-001
        9.729999782517552  -3.005047518180881E-001  -2.974292399017598E-001
        9.739999782294035  -3.100273707060536E-001  -3.069723279087992E-001
        9.749999782070518  -3.195189871166898E-001  -3.164895353328436E-001
        9.759999781847000  -3.289786518963075E-001  -3.259801282058792E-001
        9.769999781623483  -3.384054190863542E-001  -3.354433808743599E-001
        9.779999781399965  -3.477983460180086E-001  -3.448785761646001E-001
        9.789999781176448  -3.571564934064470E-001  -3.542850055481171E-001
        9.799999780952930  -3.664789254447706E-001  -3.636619693069183E-001
        9.809999780729413  -3.757647098975862E-001  -3.730087766987290E-001
        9.819999780505896  -3.850129181942280E-001  -3.823247461221120E-001
        9.829999780282378  -3.942226255216145E-001  -3.916092052814910E-001
        9.839999780058861  -4.033929109167289E-001  -4.008614913520308E-001
        9.849999779835343  -4.125228573587145E-001  -4.100809511443729E-001
        9.859999779611826  -4.216115518605763E-001  -4.192669412692084E-001
        9.869999779388309  -4.306580855604785E-001  -4.284188283016497E-001
        9.879999779164791  -4.396615538126303E-001  -4.375359889454010E-001
        9.889999778941274  -4.486210562777497E-001  -4.466178101966967E-001
        9.899999778717756  -4.575356970130965E-001  -4.556636895079955E-001
        9.909999778494239  -4.664045845620657E-001  -4.646730349513949E-001
        9.919999778270721  -4.752268320433328E-001  -4.736452653817670E-001
        9.929999778047204  -4.840015572395411E-001  -4.825798105995751E-001
        9.939999777823687  -4.927278826855223E-001  -4.914761115133600E-001
        9.949999777600169  -5.014049357560427E-001  -5.003336203018754E-001
        9.959999777376652  -5.100318487530651E-001  -5.091518005758466E-001
        9.969999777153134  -5.186077589925172E-001  -5.179301275393360E-001
        9.979999776929617  -5.271318088905601E-001  -5.266680881506884E-001
        9.989999776706100  -5.356031460493454E-001  -5.353651812830380E-001
        9.999999776482582  -5.440209233422546E-001  -5.440209178843571E-001
