   0.00000000       0.00000000    
   2.00000009E-03   1.99999886E-06
   4.00000019E-03   7.99999998E-06
   6.00000005E-03   1.79999988E-05
   8.00000038E-03   3.19999999E-05
   1.00000007E-02   5.00000024E-05
   1.20000001E-02   7.20000025E-05
   1.40000004E-02   9.80000041E-05
   1.60000008E-02   1.28000014E-04
   1.80000011E-02   1.62000011E-04
   2.00000014E-02   2.00000009E-04
   2.20000017E-02   2.42000009E-04
   2.40000002E-02   2.88000010E-04
   2.60000005E-02   3.38000013E-04
   2.80000009E-02   3.92000016E-04
   3.00000012E-02   4.50000021E-04
   3.20000015E-02   5.11999999E-04
   3.40000018E-02   5.78000036E-04
   3.60000022E-02   6.47999987E-04
   3.80000025E-02   7.22000026E-04
   4.00000028E-02   7.99999980E-04
   4.20000032E-02   8.82000022E-04
   4.40000035E-02   9.68000037E-04
   4.60000038E-02   1.05800002E-03
   4.80000004E-02   1.15200004E-03
   5.00000007E-02   1.24999997E-03
   5.20000011E-02   1.35200005E-03
   5.40000014E-02   1.45799993E-03
   5.60000017E-02   1.56800007E-03
   5.80000021E-02   1.68199989E-03
   6.00000024E-02   1.80000009E-03
   6.20000027E-02   1.92199985E-03
   6.40000030E-02   2.04800023E-03
   6.59999996E-02   2.17799982E-03
   6.80000037E-02   2.31200014E-03
   7.00000003E-02   2.44999980E-03
   7.20000044E-02   2.59200018E-03
   7.40000010E-02   2.73799989E-03
   7.60000050E-02   2.88800010E-03
   7.80000016E-02   3.04199988E-03
   8.00000057E-02   3.20000015E-03
   8.20000023E-02   3.36199999E-03
   8.40000063E-02   3.52800009E-03
   8.60000029E-02   3.69799999E-03
   8.80000070E-02   3.87200015E-03
   9.00000036E-02   4.05000011E-03
   9.20000076E-02   4.23200009E-03
   9.40000042E-02   4.41800011E-03
   9.60000008E-02   4.60800016E-03
   9.80000049E-02   4.80200024E-03
  0.100000001       5.00000035E-03
  0.102000006       5.20200003E-03
  0.104000002       5.40800020E-03
  0.106000006       5.61799994E-03
  0.108000003       5.83200017E-03
  0.110000007       6.04999997E-03
  0.112000003       6.27200026E-03
  0.114000008       6.49800012E-03
  0.116000004       6.72800047E-03
  0.118000008       6.96199993E-03
  0.120000005       7.20000034E-03
  0.122000009       7.44199986E-03
  0.124000005       7.68800033E-03
  0.126000002       7.93799944E-03
  0.128000006       8.19199998E-03
  0.130000010       8.44999962E-03
  0.131999999       8.71200021E-03
  0.134000003       8.97799991E-03
  0.136000007       9.24800057E-03
  0.138000011       9.52200033E-03
  0.140000001       9.80000012E-03
  0.142000005       1.00819999E-02
  0.144000009       1.03679998E-02
  0.146000013       1.06579997E-02
  0.148000002       1.09519996E-02
  0.150000006       1.12499995E-02
  0.152000010       1.15519995E-02
  0.154000014       1.18579995E-02
  0.156000003       1.21679995E-02
  0.158000007       1.24819996E-02
  0.160000011       1.27999997E-02
  0.162000000       1.31219998E-02
  0.164000005       1.34480000E-02
  0.166000009       1.37780001E-02
  0.168000013       1.41120004E-02
  0.170000002       1.44500006E-02
  0.172000006       1.47920009E-02
  0.174000010       1.51380002E-02
  0.176000014       1.54880006E-02
  0.178000003       1.58420000E-02
  0.180000007       1.62000004E-02
  0.182000011       1.65619999E-02
  0.184000015       1.69280004E-02
  0.186000004       1.72979999E-02
  0.188000008       1.76720005E-02
  0.190000013       1.80500001E-02
  0.192000002       1.84320007E-02
  0.194000006       1.88180003E-02
  0.196000010       1.92080010E-02
  0.198000014       1.96020007E-02
  0.200000003       2.00000014E-02
  0.202000007       2.04020012E-02
  0.204000011       2.08080020E-02
  0.206000015       2.12180018E-02
  0.208000004       2.16320027E-02
  0.210000008       2.20500026E-02
  0.212000012       2.24720035E-02
  0.214000016       2.28980035E-02
  0.216000006       2.33280025E-02
  0.218000010       2.37620026E-02
  0.220000014       2.42000017E-02
  0.222000018       2.46420018E-02
  0.224000007       2.50880010E-02
  0.226000011       2.55380012E-02
  0.228000015       2.59920005E-02
  0.230000004       2.64500007E-02
  0.232000008       2.69120000E-02
  0.234000012       2.73780003E-02
  0.236000016       2.78479997E-02
  0.238000005       2.83220001E-02
  0.240000010       2.87999995E-02
  0.242000014       2.92819999E-02
  0.244000018       2.97679994E-02
  0.246000007       3.02579999E-02
  0.248000011       3.07519995E-02
  0.250000000       3.12500000E-02
  0.252000004       3.17519978E-02
  0.254000008       3.22580002E-02
  0.256000012       3.27679962E-02
  0.258000016       3.32820006E-02
  0.260000020       3.37999947E-02
  0.262000024       3.43220010E-02
  0.263999999       3.48479934E-02
  0.266000003       3.53780016E-02
  0.268000007       3.59119922E-02
  0.270000011       3.64500023E-02
  0.272000015       3.69919911E-02
  0.274000019       3.75380032E-02
  0.276000023       3.80879901E-02
  0.278000027       3.86420041E-02
  0.280000001       3.91999893E-02
  0.282000005       3.97620052E-02
  0.284000009       4.03279886E-02
  0.286000013       4.08980064E-02
  0.288000017       4.14719880E-02
  0.290000021       4.20500077E-02
  0.292000026       4.26319875E-02
  0.294000000       4.32180092E-02
  0.296000004       4.38079871E-02
  0.298000008       4.44020107E-02
  0.300000012       4.49999869E-02
  0.302000016       4.56020124E-02
  0.304000020       4.62079868E-02
  0.306000024       4.68180142E-02
  0.308000028       4.74319868E-02
  0.310000002       4.80500162E-02
  0.312000006       4.86719869E-02
  0.314000010       4.92980145E-02
  0.316000015       4.99279872E-02
  0.318000019       5.05620129E-02
  0.320000023       5.11999875E-02
  0.322000027       5.18420115E-02
  0.324000001       5.24879880E-02
  0.326000005       5.31380102E-02
  0.328000009       5.37919886E-02
  0.330000013       5.44500090E-02
  0.332000017       5.51119894E-02
  0.334000021       5.57780080E-02
  0.336000025       5.64479902E-02
  0.338000029       5.71220070E-02
  0.340000004       5.77999912E-02
  0.342000008       5.84820062E-02
  0.344000012       5.91679923E-02
  0.346000016       5.98580055E-02
  0.348000020       6.05519935E-02
  0.350000024       6.12500049E-02
  0.352000028       6.19519949E-02
  0.354000002       6.26580045E-02
  0.356000006       6.33679926E-02
  0.358000010       6.40820041E-02
  0.360000014       6.47999942E-02
  0.362000018       6.55220076E-02
  0.364000022       6.62479922E-02
  0.366000026       6.69780076E-02
  0.368000031       6.77119941E-02
  0.370000005       6.84500113E-02
  0.372000009       6.91919923E-02
  0.374000013       6.99380115E-02
  0.376000017       7.06879944E-02
  0.378000021       7.14420080E-02
  0.380000025       7.21999928E-02
  0.382000029       7.29620084E-02
  0.384000003       7.37279952E-02
  0.386000007       7.44980052E-02
  0.388000011       7.52719939E-02
  0.390000015       7.60500059E-02
  0.392000020       7.68319964E-02
  0.394000024       7.76180029E-02
  0.396000028       7.84079954E-02
  0.398000032       7.92020038E-02
  0.400000006       7.99999982E-02
  0.402000010       8.08020011E-02
  0.404000014       8.16079974E-02
  0.406000018       8.24180022E-02
  0.408000022       8.32320005E-02
  0.410000026       8.40499997E-02
  0.412000030       8.48719999E-02
  0.414000034       8.56980011E-02
  0.416000009       8.65280032E-02
  0.418000013       8.73619989E-02
  0.420000017       8.82000029E-02
  0.422000021       8.90420005E-02
  0.424000025       8.98880064E-02
  0.426000029       9.07379985E-02
  0.428000033       9.15920064E-02
  0.430000007       9.24500003E-02
  0.432000011       9.33120027E-02
  0.434000015       9.41779986E-02
  0.436000019       9.50480029E-02
  0.438000023       9.59220007E-02
  0.440000027       9.67999995E-02
  0.442000031       9.76819992E-02
  0.444000036       9.85679999E-02
  0.446000010       9.94580016E-02
  0.448000014      0.100351997    
  0.450000018      0.101250000    
  0.452000022      0.102151997    
  0.454000026      0.103058003    
  0.456000030      0.103967994    
  0.458000034      0.104882002    
  0.460000008      0.105799995    
  0.462000012      0.106722005    
  0.464000016      0.107647993    
  0.466000021      0.108578004    
  0.468000025      0.109511994    
  0.470000029      0.110450007    
  0.472000033      0.111391991    
  0.474000037      0.112338006    
  0.476000011      0.113287993    
  0.478000015      0.114242010    
  0.480000019      0.115199991    
  0.482000023      0.116162010    
  0.484000027      0.117127992    
  0.486000031      0.118098013    
  0.488000035      0.119071990    
  0.490000010      0.120050013    
  0.492000014      0.121031992    
  0.494000018      0.122018009    
  0.496000022      0.123007990    
  0.498000026      0.124002010    
  0.500000000      0.124999993    
  0.502000034      0.126002014    
  0.504000008      0.127007991    
  0.506000042      0.128018007    
  0.508000016      0.129031986    
  0.510000050      0.130050004    
  0.512000024      0.131071985    
  0.513999999      0.132098004    
  0.516000032      0.133127987    
  0.518000007      0.134162009    
  0.520000041      0.135199994    
  0.522000015      0.136242002    
  0.524000049      0.137287989    
  0.526000023      0.138338000    
  0.527999997      0.139391989    
  0.530000031      0.140450001    
  0.532000005      0.141511992    
  0.534000039      0.142578006    
  0.536000013      0.143647999    
  0.538000047      0.144722000    
  0.540000021      0.145799994    
  0.542000055      0.146881998    
  0.544000030      0.147967994    
  0.546000004      0.149057999    
  0.548000038      0.150151998    
  0.550000012      0.151250005    
  0.552000046      0.152352005    
  0.554000020      0.153457999    
  0.556000054      0.154568002    
  0.558000028      0.155681998    
  0.560000002      0.156800002    
  0.562000036      0.157922000    
  0.564000010      0.159048006    
  0.566000044      0.160178006    
  0.568000019      0.161311999    
  0.570000052      0.162450001    
  0.572000027      0.163591996    
  0.574000001      0.164737999    
  0.576000035      0.165887997    
  0.578000009      0.167042002    
  0.580000043      0.168200001    
  0.582000017      0.169362009    
  0.584000051      0.170527995    
  0.586000025      0.171698004    
  0.588000000      0.172871992    
  0.590000033      0.174050003    
  0.592000008      0.175231993    
  0.594000041      0.176418006    
  0.596000016      0.177607998    
  0.598000050      0.178802013    
  0.600000024      0.179999992    
  0.602000058      0.181202009    
  0.604000032      0.182407990    
  0.606000006      0.183618009    
  0.608000040      0.184831992    
  0.610000014      0.186050013    
  0.612000048      0.187271997    
  0.614000022      0.188498020    
  0.616000056      0.189727992    
  0.618000031      0.190962017    
  0.620000005      0.192199990    
  0.622000039      0.193442017    
  0.624000013      0.194687992    
  0.626000047      0.195938021    
  0.628000021      0.197191998    
  0.630000055      0.198450014    
  0.632000029      0.199711993    
  0.634000003      0.200978011    
  0.636000037      0.202247992    
  0.638000011      0.203522012    
  0.640000045      0.204799995    
  0.642000020      0.206082016    
  0.644000053      0.207368001    
  0.646000028      0.208658010    
  0.648000002      0.209951997    
  0.650000036      0.211250007    
  0.652000010      0.212551996    
  0.654000044      0.213858008    
  0.656000018      0.215167999    
  0.658000052      0.216482013    
  0.660000026      0.217800006    
  0.662000060      0.219122007    
  0.664000034      0.220448002    
  0.666000009      0.221778005    
  0.668000042      0.223112002    
  0.670000017      0.224450007    
  0.672000051      0.225792006    
  0.674000025      0.227138013    
  0.676000059      0.228487998    
  0.678000033      0.229842007    
  0.680000007      0.231199995    
  0.682000041      0.232562006    
  0.684000015      0.233927995    
  0.686000049      0.235298008    
  0.688000023      0.236671999    
  0.690000057      0.238050014    
  0.692000031      0.239431992    
  0.694000006      0.240818009    
  0.696000040      0.242207989    
  0.698000014      0.243602008    
  0.700000048      0.244999990    
  0.702000022      0.246402010    
  0.704000056      0.247807994    
  0.706000030      0.249218017    
  0.708000004      0.250631988    
  0.710000038      0.252050012    
  0.712000012      0.253472000    
  0.714000046      0.254898012    
  0.716000021      0.256327987    
  0.718000054      0.257762015    
  0.720000029      0.259199977    
  0.722000062      0.260642022    
  0.724000037      0.262087971    
  0.726000011      0.263538033    
  0.728000045      0.264991969    
  0.730000019      0.266450047    
  0.732000053      0.267911971    
  0.734000027      0.269378036    
  0.736000061      0.270847976    
  0.738000035      0.272322029    
  0.740000010      0.273799986    
  0.742000043      0.275282025    
  0.744000018      0.276767999    
  0.746000051      0.278258026    
  0.748000026      0.279751986    
  0.750000060      0.281250030    
  0.752000034      0.282751977    
  0.754000008      0.284258038    
  0.756000042      0.285767972    
  0.758000016      0.287282050    
  0.760000050      0.288799971    
  0.762000024      0.290322036    
  0.764000058      0.291847974    
  0.766000032      0.293378025    
  0.768000007      0.294911981    
  0.770000041      0.296450019    
  0.772000015      0.297991991    
  0.774000049      0.299538016    
  0.776000023      0.301088005    
  0.778000057      0.302642018    
  0.780000031      0.304199994    
  0.782000065      0.305762023    
  0.784000039      0.307327986    
  0.786000013      0.308898032    
  0.788000047      0.310471982    
  0.790000021      0.312050045    
  0.792000055      0.313631982    
  0.794000030      0.315218031    
  0.796000063      0.316807985    
  0.798000038      0.318402022    
  0.800000012      0.319999993    
  0.802000046      0.321602017    
  0.804000020      0.323208004    
  0.806000054      0.324818015    
  0.808000028      0.326431990    
  0.810000062      0.328050017    
  0.812000036      0.329671979    
  0.814000010      0.331298023    
  0.816000044      0.332927972    
  0.818000019      0.334562033    
  0.820000052      0.336199969    
  0.822000027      0.337842047    
  0.824000061      0.339487970    
  0.826000035      0.341138035    
  0.828000069      0.342791975    
  0.830000043      0.344450027    
  0.832000017      0.346111983    
  0.834000051      0.347778022    
  0.836000025      0.349447995    
  0.838000059      0.351122022    
  0.840000033      0.352799982    
  0.842000067      0.354482025    
  0.844000041      0.356167972    
  0.846000016      0.357858032    
  0.848000050      0.359551966    
  0.850000024      0.361250043    
  0.852000058      0.362951964    
  0.854000032      0.364658058    
  0.856000066      0.366367966    
  0.858000040      0.368082047    
  0.860000014      0.369799972    
  0.862000048      0.371522039    
  0.864000022      0.373247981    
  0.866000056      0.374978036    
  0.868000031      0.376711994    
  0.870000064      0.378450036    
  0.872000039      0.380191982    
  0.874000013      0.381938040    
  0.876000047      0.383687973    
  0.878000021      0.385442048    
  0.880000055      0.387199968    
  0.882000029      0.388962060    
  0.884000063      0.390727967    
  0.886000037      0.392498046    
  0.888000071      0.394271970    
  0.890000045      0.396050036    
  0.892000020      0.397831976    
  0.894000053      0.399618030    
  0.896000028      0.401407987    
  0.898000062      0.403202027    
  0.900000036      0.405000001    
  0.902000070      0.406802028    
  0.904000044      0.408607990    
  0.906000018      0.410418034    
  0.908000052      0.412231982    
  0.910000026      0.414050043    
  0.912000060      0.415871978    
  0.914000034      0.417698056    
  0.916000068      0.419527978    
  0.918000042      0.421362042    
  0.920000017      0.423199981    
  0.922000051      0.425042033    
  0.924000025      0.426887989    
  0.926000059      0.428738028    
  0.928000033      0.430592000    
  0.930000067      0.432450026    
  0.932000041      0.434311986    
  0.934000015      0.436178029    
  0.936000049      0.438047975    
  0.938000023      0.439922035    
  0.940000057      0.441799968    
  0.942000031      0.443682045    
  0.944000065      0.445567966    
  0.946000040      0.447458059    
  0.948000073      0.449351966    
  0.950000048      0.451250046    
  0.952000022      0.453151971    
  0.954000056      0.455058038    
  0.956000030      0.456967980    
  0.958000064      0.458882034    
  0.960000038      0.460799992    
  0.962000072      0.462722033    
  0.964000046      0.464647979    
  0.966000021      0.466578037    
  0.968000054      0.468511969    
  0.970000029      0.470450044    
  0.972000062      0.472391963    
  0.974000037      0.474338055    
  0.976000071      0.476287961    
  0.978000045      0.478242069    
  0.980000019      0.480199963    
  0.982000053      0.482162058    
  0.984000027      0.484127969    
  0.986000061      0.486098051    
  0.988000035      0.488071978    
  0.990000069      0.490050048    
  0.992000043      0.492031991    
  0.994000018      0.494018048    
  0.996000051      0.496007979    
  0.998000026      0.498002052    
   1.00000000      0.499999970    
   1.00200009      0.502002060    
   1.00400007      0.504007995    
   1.00600004      0.506018043    
   1.00800002      0.508032024    
   1.00999999      0.510050058    
   1.01200008      0.512072027    
   1.01400006      0.514098048    
   1.01600003      0.516128004    
   1.01800001      0.518162072    
   1.02000010      0.520200014    
   1.02200007      0.522242069    
   1.02400005      0.524287999    
   1.02600002      0.526338041    
   1.02800000      0.528392017    
   1.03000009      0.530450046    
   1.03200006      0.532512009    
   1.03400004      0.534578025    
   1.03600001      0.536648035    
   1.03800011      0.538722038    
   1.04000008      0.540800035    
   1.04200006      0.542882025    
   1.04400003      0.544968009    
   1.04600000      0.547058046    
   1.04800010      0.549152017    
   1.05000007      0.551250041    
   1.05200005      0.553351998    
   1.05400002      0.555458069    
   1.05599999      0.557568014    
   1.05800009      0.559682071    
   1.06000006      0.561800003    
   1.06200004      0.563922048    
   1.06400001      0.566048026    
   1.06600010      0.568178058    
   1.06800008      0.570312023    
   1.07000005      0.572450042    
   1.07200003      0.574591994    
   1.07400000      0.576738060    
   1.07600009      0.578887999    
   1.07800007      0.581042051    
   1.08000004      0.583199978    
   1.08200002      0.585362077    
   1.08400011      0.587527990    
   1.08600008      0.589698076    
   1.08800006      0.591871977    
   1.09000003      0.594050050    
   1.09200001      0.596231997    
   1.09400010      0.598418057    
   1.09600008      0.600607991    
   1.09800005      0.602802038    
   1.10000002      0.605000019    
   1.10200000      0.607202053    
   1.10400009      0.609408021    
   1.10600007      0.611618042    
   1.10800004      0.613831997    
   1.11000001      0.616050065    
   1.11200011      0.618272007    
   1.11400008      0.620498061    
   1.11600006      0.622727990    
   1.11800003      0.624962032    
   1.12000000      0.627200007    
   1.12200010      0.629442036    
   1.12400007      0.631687999    
   1.12600005      0.633938015    
   1.12800002      0.636192024    
   1.13000000      0.638450027    
   1.13200009      0.640712023    
   1.13400006      0.642978013    
   1.13600004      0.645247996    
   1.13800001      0.647522032    
   1.14000010      0.649800003    
   1.14200008      0.652082026    
   1.14400005      0.654367983    
   1.14600003      0.656658053    
   1.14800000      0.658951998    
   1.15000010      0.661250055    
   1.15200007      0.663551986    
   1.15400004      0.665858030    
   1.15600002      0.668168008    
   1.15800011      0.670482039    
   1.16000009      0.672800004    
   1.16200006      0.675122023    
   1.16400003      0.677448034    
   1.16600001      0.679778039    
   1.16800010      0.682112038    
   1.17000008      0.684450030    
   1.17200005      0.686792016    
   1.17400002      0.689138055    
   1.17600000      0.691488028    
   1.17800009      0.693842053    
   1.18000007      0.696200013    
   1.18200004      0.698562026    
   1.18400002      0.700928032    
   1.18600011      0.703298032    
   1.18800008      0.705672026    
   1.19000006      0.708050013    
   1.19200003      0.710432053    
   1.19400001      0.712818027    
   1.19600010      0.715208054    
   1.19800007      0.717602015    
   1.20000005      0.720000029    
   1.20200002      0.722402036    
   1.20400012      0.724808037    
   1.20600009      0.727218032    
   1.20800006      0.729632020    
   1.21000004      0.732050061    
   1.21200001      0.734472036    
   1.21400011      0.736898065    
   1.21600008      0.739328027    
   1.21800005      0.741762042    
   1.22000003      0.744200051    
   1.22200000      0.746642053    
   1.22400010      0.749088049    
   1.22600007      0.751538038    
   1.22800004      0.753992021    
   1.23000002      0.756450057    
   1.23200011      0.758912027    
   1.23400009      0.761378050    
   1.23600006      0.763848007    
   1.23800004      0.766322076    
   1.24000001      0.768800020    
   1.24200010      0.771282077    
   1.24400008      0.773768008    
   1.24600005      0.776258051    
   1.24800003      0.778752029    
   1.25000000      0.781250060    
   1.25200009      0.783752024    
   1.25400007      0.786258042    
   1.25600004      0.788768053    
   1.25800002      0.791282058    
   1.26000011      0.793800056    
   1.26200008      0.796322048    
   1.26400006      0.798848033    
   1.26600003      0.801378071    
   1.26800001      0.803912044    
   1.27000010      0.806450069    
   1.27200007      0.808992028    
   1.27400005      0.811538041    
   1.27600002      0.814088047    
   1.27800012      0.816642046    
   1.28000009      0.819200039    
   1.28200006      0.821762025    
   1.28400004      0.824328065    
   1.28600001      0.826898038    
   1.28800011      0.829472065    
   1.29000008      0.832050025    
   1.29200006      0.834632039    
   1.29400003      0.837218046    
   1.29600000      0.839808047    
   1.29800010      0.842402041    
   1.30000007      0.845000029    
   1.30200005      0.847602069    
   1.30400002      0.850208044    
   1.30600011      0.852818072    
   1.30800009      0.855432034    
   1.31000006      0.858050048    
   1.31200004      0.860672057    
   1.31400001      0.863298059    
   1.31600010      0.865928054    
   1.31800008      0.868562043    
   1.32000005      0.871200025    
   1.32200003      0.873842061    
   1.32400012      0.876488030    
   1.32600009      0.879138052    
   1.32800007      0.881792009    
   1.33000004      0.884450078    
   1.33200002      0.887112021    
   1.33400011      0.889778078    
   1.33600008      0.892448008    
   1.33800006      0.895122051    
   1.34000003      0.897800028    
   1.34200001      0.900482059    
   1.34400010      0.903168023    
   1.34600008      0.905858040    
   1.34800005      0.908552051    
   1.35000002      0.911250055    
   1.35200012      0.913952053    
   1.35400009      0.916658044    
   1.35600007      0.919368029    
   1.35800004      0.922082067    
   1.36000001      0.924800038    
   1.36200011      0.927522063    
   1.36400008      0.930248022    
   1.36600006      0.932978034    
   1.36800003      0.935712039    
   1.37000012      0.938450038    
   1.37200010      0.941192031    
   1.37400007      0.943938017    
   1.37600005      0.946688056    
   1.37800002      0.949442029    
   1.38000011      0.952200055    
   1.38200009      0.954962015    
   1.38400006      0.957728028    
   1.38600004      0.960498035    
   1.38800001      0.963272035    
   1.39000010      0.966050029    
   1.39200008      0.968832016    
   1.39400005      0.971618056    
   1.39600003      0.974408031    
   1.39800012      0.977202058    
   1.40000010      0.980000019    
   1.40200007      0.982802033    
   1.40400004      0.985608041    
   1.40600002      0.988418043    
   1.40800011      0.991232038    
   1.41000009      0.994050026    
   1.41200006      0.996872067    
   1.41400003      0.999698043    
   1.41600001       1.00252807    
   1.41800010       1.00536203    
   1.42000008       1.00820005    
   1.42200005       1.01104200    
   1.42400002       1.01388800    
   1.42600012       1.01673806    
   1.42800009       1.01959205    
   1.43000007       1.02245009    
   1.43200004       1.02531207    
   1.43400002       1.02817810    
   1.43600011       1.03104806    
   1.43800008       1.03392208    
   1.44000006       1.03680003    
   1.44200003       1.03968203    
   1.44400012       1.04256797    
   1.44600010       1.04545808    
   1.44800007       1.04835200    
   1.45000005       1.05125010    
   1.45200002       1.05415201    
   1.45400012       1.05705810    
   1.45600009       1.05996799    
   1.45800006       1.06288207    
   1.46000004       1.06579995    
   1.46200001       1.06872201    
   1.46400011       1.07164800    
   1.46600008       1.07457805    
   1.46800005       1.07751203    
   1.47000003       1.08045006    
   1.47200012       1.08339202    
   1.47400010       1.08633804    
   1.47600007       1.08928800    
   1.47800004       1.09224200    
   1.48000002       1.09519994    
   1.48200011       1.09816206    
   1.48400009       1.10112798    
   1.48600006       1.10409808    
   1.48800004       1.10707200    
   1.49000013       1.11005008    
   1.49200010       1.11303198    
   1.49400008       1.11601806    
   1.49600005       1.11900795    
   1.49800003       1.12200201    
   1.50000012       1.12500000    
   1.50200009       1.12800205    
   1.50400007       1.13100803    
   1.50600004       1.13401806    
   1.50800002       1.13703203    
   1.51000011       1.14005005    
   1.51200008       1.14307201    
   1.51400006       1.14609802    
   1.51600003       1.14912796    
   1.51800013       1.15216208    
   1.52000010       1.15520000    
   1.52200007       1.15824211    
   1.52400005       1.16128802    
   1.52600002       1.16433811    
   1.52800012       1.16739202    
   1.53000009       1.17045009    
   1.53200006       1.17351198    
   1.53400004       1.17657804    
   1.53600001       1.17964792    
   1.53800011       1.18272209    
   1.54000008       1.18579996    
   1.54200006       1.18888211    
   1.54400003       1.19196796    
   1.54600012       1.19505811    
   1.54800010       1.19815195    
   1.55000007       1.20125008    
   1.55200005       1.20435190    
   1.55400002       1.20745802    
   1.55600011       1.21056795    
   1.55800009       1.21368206    
   1.56000006       1.21679997    
   1.56200004       1.21992207    
   1.56400013       1.22304797    
   1.56600010       1.22617805    
   1.56800008       1.22931194    
   1.57000005       1.23245001    
   1.57200003       1.23559189    
   1.57400012       1.23873806    
   1.57600009       1.24188793    
   1.57800007       1.24504209    
   1.58000004       1.24819994    
   1.58200002       1.25136209    
   1.58400011       1.25452793    
   1.58600008       1.25769806    
   1.58800006       1.26087189    
   1.59000003       1.26405001    
   1.59200013       1.26723194    
   1.59400010       1.27041805    
   1.59600008       1.27360797    
   1.59800005       1.27680206    
   1.60000002       1.27999997    
   1.60200012       1.28320205    
   1.60400009       1.28640795    
   1.60600007       1.28961802    
   1.60800004       1.29283190    
   1.61000013       1.29605007    
   1.61200011       1.29927194    
   1.61400008       1.30249810    
   1.61600006       1.30572796    
   1.61800003       1.30896211    
   1.62000012       1.31219995    
   1.62200010       1.31544209    
   1.62400007       1.31868792    
   1.62600005       1.32193804    
   1.62800002       1.32519197    
   1.63000011       1.32845008    
   1.63200009       1.33171201    
   1.63400006       1.33497810    
   1.63600004       1.33824801    
   1.63800013       1.34152210    
   1.64000010       1.34480000    
   1.64200008       1.34808207    
   1.64400005       1.35136795    
   1.64600003       1.35465801    
   1.64800012       1.35795200    
   1.65000010       1.36125004    
   1.65200007       1.36455202    
   1.65400004       1.36785805    
   1.65600014       1.37116802    
   1.65800011       1.37448204    
   1.66000009       1.37779999    
   1.66200006       1.38112199    
   1.66400003       1.38444793    
   1.66600013       1.38777804    
   1.66800010       1.39111197    
   1.67000008       1.39445007    
   1.67200005       1.39779198    
   1.67400002       1.40113807    
   1.67600012       1.40448797    
   1.67800009       1.40784204    
   1.68000007       1.41119993    
   1.68200004       1.41456199    
   1.68400013       1.41792798    
   1.68600011       1.42129803    
   1.68800008       1.42467201    
   1.69000006       1.42805004    
   1.69200003       1.43143201    
   1.69400012       1.43481803    
   1.69600010       1.43820798    
   1.69800007       1.44160199    
   1.70000005       1.44499993    
   1.70200002       1.44840205    
   1.70400012       1.45180798    
   1.70600009       1.45521808    
   1.70800006       1.45863199    
   1.71000004       1.46205008    
   1.71200013       1.46547198    
   1.71400011       1.46889806    
   1.71600008       1.47232795    
   1.71800005       1.47576201    
   1.72000003       1.47920001    
   1.72200012       1.48264205    
   1.72400010       1.48608804    
   1.72600007       1.48953807    
   1.72800004       1.49299204    
   1.73000014       1.49645007    
   1.73200011       1.49991202    
   1.73400009       1.50337803    
   1.73600006       1.50684798    
   1.73800004       1.51032197    
   1.74000013       1.51380002    
   1.74200010       1.51728201    
   1.74400008       1.52076805    
   1.74600005       1.52425802    
   1.74800003       1.52775204    
   1.75000012       1.53125000    
   1.75200009       1.53475201    
   1.75400007       1.53825796    
   1.75600004       1.54176795    
   1.75800014       1.54528201    
   1.76000011       1.54879999    
   1.76200008       1.55232203    
   1.76400006       1.55584800    
   1.76600003       1.55937803    
   1.76800013       1.56291199    
   1.77000010       1.56645000    
   1.77200007       1.56999195    
   1.77400005       1.57353795    
   1.77600014       1.57708800    
   1.77800012       1.58064198    
   1.78000009       1.58420002    
   1.78200006       1.58776200    
   1.78400004       1.59132802    
   1.78600013       1.59489799    
   1.78800011       1.59847200    
   1.79000008       1.60204995    
   1.79200006       1.60563195    
   1.79400003       1.60921800    
   1.79600012       1.61280799    
   1.79800010       1.61640203    
   1.80000007       1.62000000    
   1.80200005       1.62360203    
   1.80400014       1.62720799    
   1.80600011       1.63081801    
   1.80800009       1.63443196    
   1.81000006       1.63804996    
   1.81200004       1.64167202    
   1.81400013       1.64529800    
   1.81600010       1.64892805    
   1.81800008       1.65256202    
   1.82000005       1.65620005    
   1.82200015       1.65984201    
   1.82400012       1.66348803    
   1.82600009       1.66713798    
   1.82800007       1.67079198    
   1.83000004       1.67445004    
   1.83200014       1.67811203    
   1.83400011       1.68177807    
   1.83600008       1.68544805    
   1.83800006       1.68912208    
   1.84000003       1.69280005    
   1.84200013       1.69648206    
   1.84400010       1.70016801    
   1.84600008       1.70385802    
   1.84800005       1.70755196    
   1.85000014       1.71125007    
   1.85200012       1.71495199    
   1.85400009       1.71865809    
   1.85600007       1.72236800    
   1.85800004       1.72608209    
   1.86000013       1.72979999    
   1.86200011       1.73352206    
   1.86400008       1.73724794    
   1.86600006       1.74097800    
   1.86800003       1.74471200    
   1.87000012       1.74845004    
   1.87200010       1.75219202    
   1.87400007       1.75593805    
   1.87600005       1.75968802    
   1.87800014       1.76344204    
   1.88000011       1.76719999    
   1.88200009       1.77096200    
   1.88400006       1.77472794    
   1.88600004       1.77849805    
   1.88800013       1.78227198    
   1.89000010       1.78605008    
   1.89200008       1.78983200    
   1.89400005       1.79361808    
   1.89600015       1.79740798    
   1.89800012       1.80120206    
   1.90000010       1.80499995    
   1.90200007       1.80880201    
   1.90400004       1.81260800    
   1.90600014       1.81641805    
   1.90800011       1.82023203    
   1.91000009       1.82405007    
   1.91200006       1.82787204    
   1.91400003       1.83169806    
   1.91600013       1.83552802    
   1.91800010       1.83936203    
   1.92000008       1.84319997    
   1.92200005       1.84704208    
   1.92400014       1.85088801    
   1.92600012       1.85473812    
   1.92800009       1.85859203    
   1.93000007       1.86245012    
   1.93200004       1.86631203    
   1.93400013       1.87017810    
   1.93600011       1.87404799    
   1.93800008       1.87792206    
   1.94000006       1.88179994    
   1.94200015       1.88568211    
   1.94400012       1.88956797    
   1.94600010       1.89345813    
   1.94800007       1.89735198    
   1.95000005       1.90125012    
   1.95200014       1.90515196    
   1.95400012       1.90905809    
   1.95600009       1.91296792    
   1.95800006       1.91688204    
   1.96000004       1.92079997    
   1.96200013       1.92472208    
   1.96400011       1.92864799    
   1.96600008       1.93257809    
   1.96800005       1.93651199    
   1.97000015       1.94045007    
   1.97200012       1.94439197    
   1.97400010       1.94833803    
   1.97600007       1.95228791    
   1.97800004       1.95624208    
   1.98000014       1.96019995    
   1.98200011       1.96416211    
   1.98400009       1.96812797    
   1.98600006       1.97209811    
   1.98800004       1.97607195    
   1.99000013       1.98005009    
   1.99200010       1.98403192    
   1.99400008       1.98801804    
   1.99600005       1.99200797    
   1.99800014       1.99600208    
   2.00000000       2.00000000    
