       0.0031416  4.9397217E-006
       0.0062832  1.9749175E-005
       0.0094248  4.4428511E-005
       0.0125664  7.8976431E-005
       0.0157080  1.2339241E-004
       0.0188496  1.7767755E-004
       0.0219912  2.4183269E-004
       0.0251327  3.1585718E-004
       0.0282743  3.9975040E-004
       0.0314159       0.0004935
       0.0345575       0.0005971
       0.0376991       0.0007106
       0.0408407       0.0008340
       0.0439823       0.0009672
       0.0471239       0.0011102
       0.0502655       0.0012631
       0.0534071       0.0014259
       0.0565487       0.0015985
       0.0596903       0.0017810
       0.0628319       0.0019733
       0.0659734       0.0021755
       0.0691150       0.0023875
       0.0722566       0.0026094
       0.0753982       0.0028411
       0.0785398       0.0030827
       0.0816814       0.0033341
       0.0848230       0.0035954
       0.0879646       0.0038665
       0.0911062       0.0041475
       0.0942478       0.0044383
       0.0973893       0.0047389
       0.1005309       0.0050493
       0.1036725       0.0053696
       0.1068141       0.0056997
       0.1099557       0.0060397
       0.1130973       0.0063894
       0.1162389       0.0067490
       0.1193805       0.0071183
       0.1225221       0.0074975
       0.1256637       0.0078865
       0.1288052       0.0082853
       0.1319468       0.0086939
       0.1350884       0.0091122
       0.1382300       0.0095404
       0.1413716       0.0099783
       0.1445132       0.0104261
       0.1476548       0.0108835
       0.1507964       0.0113508
       0.1539380       0.0118278
       0.1570796       0.0123146
       0.1602212       0.0128112
       0.1633628       0.0133175
       0.1665044       0.0138335
       0.1696460       0.0143593
       0.1727876       0.0148948
       0.1759292       0.0154401
       0.1790708       0.0159950
       0.1822124       0.0165598
       0.1853540       0.0171342
       0.1884956       0.0177183
       0.1916372       0.0183121
       0.1947788       0.0189156
       0.1979204       0.0195288
       0.2010620       0.0201517
       0.2042036       0.0207843
       0.2073452       0.0214265
       0.2104868       0.0220784
       0.2136284       0.0227400
       0.2167700       0.0234112
       0.2199116       0.0240921
       0.2230532       0.0247826
       0.2261948       0.0254827
       0.2293364       0.0261925
       0.2324779       0.0269119
       0.2356195       0.0276409
       0.2387611       0.0283795
       0.2419027       0.0291277
       0.2450443       0.0298854
       0.2481859       0.0306528
       0.2513275       0.0314298
       0.2544691       0.0322161
       0.2576107       0.0330122
       0.2607523       0.0338175
       0.2638938       0.0346327
       0.2670354       0.0354571
       0.2701770       0.0362911
       0.2733186       0.0371345
       0.2764602       0.0379874
       0.2796018       0.0388498
       0.2827433       0.0397216
       0.2858849       0.0406028
       0.2890265       0.0414935
       0.2921681       0.0423936
       0.2953097       0.0433030
       0.2984512       0.0442221
       0.3015928       0.0451502
       0.3047344       0.0460881
       0.3078760       0.0470350
       0.3110176       0.0479916
       0.3141592       0.0489572
       0.3173007       0.0499326
       0.3204423       0.0509169
       0.3235839       0.0519109
       0.3267255       0.0529139
       0.3298671       0.0539265
       0.3330086       0.0549481
       0.3361502       0.0559793
       0.3392918       0.0570195
       0.3424334       0.0580693
       0.3455750       0.0591280
       0.3487166       0.0601963
       0.3518581       0.0612735
       0.3549997       0.0623602
       0.3581413       0.0634561
       0.3612829       0.0645614
       0.3644245       0.0656755
       0.3675660       0.0667985
       0.3707076       0.0679312
       0.3738492       0.0690733
       0.3769908       0.0702242
       0.3801324       0.0713839
       0.3832740       0.0725527
       0.3864155       0.0737315
       0.3895571       0.0749191
       0.3926987       0.0761154
       0.3958403       0.0773206
       0.3989819       0.0785353
       0.4021235       0.0797594
       0.4052650       0.0809922
       0.4084066       0.0822337
       0.4115482       0.0834841
       0.4146898       0.0847443
       0.4178314       0.0860134
       0.4209729       0.0872912
       0.4241145       0.0885777
       0.4272561       0.0898730
       0.4303977       0.0911782
       0.4335393       0.0924920
       0.4366809       0.0938146
       0.4398224       0.0951458
       0.4429640       0.0964857
       0.4461056       0.0978354
       0.4492472       0.0991938
       0.4523888       0.1005608
       0.4555303       0.1019364
       0.4586719       0.1033206
       0.4618135       0.1047143
       0.4649551       0.1061169
       0.4680967       0.1075280
       0.4712383       0.1089478
       0.4743798       0.1103761
       0.4775214       0.1118130
       0.4806630       0.1132596
       0.4838046       0.1147146
       0.4869462       0.1161782
       0.4900877       0.1176503
       0.4932293       0.1191309
       0.4963709       0.1206201
       0.4995125       0.1221187
       0.5026541       0.1236258
       0.5057957       0.1251414
       0.5089372       0.1266634
       0.5120788       0.1281982
       0.5152204       0.1297392
       0.5183620       0.1312889
       0.5215036       0.1328489
       0.5246451       0.1344135
       0.5277867       0.1359924
       0.5309283       0.1375753
       0.5340699       0.1391697
       0.5372115       0.1407712
       0.5403531       0.1423806
       0.5434946       0.1440008
       0.5466362       0.1456250
       0.5497778       0.1472638
       0.5529194       0.1489061
       0.5560610       0.1505601
       0.5592026       0.1522209
       0.5623441       0.1538898
       0.5654857       0.1555688
       0.5686273       0.1572527
       0.5717689       0.1589499
       0.5749105       0.1606503
       0.5780520       0.1623640
       0.5811936       0.1640824
       0.5843352       0.1658110
       0.5874768       0.1675473
       0.5906184       0.1692908
       0.5937600       0.1710449
       0.5969015       0.1728033
       0.6000431       0.1745751
       0.6031847       0.1763497
       0.6063263       0.1781378
       0.6094679       0.1799299
       0.6126094       0.1817329
       0.6157510       0.1835424
       0.6188926       0.1853603
       0.6220342       0.1871870
       0.6251758       0.1890199
       0.6283174       0.1908637
       0.6314589       0.1927115
       0.6346005       0.1945724
       0.6377421       0.1964353
       0.6408837       0.1983129
       0.6440253       0.2001926
       0.6471668       0.2020850
       0.6503084       0.2039814
       0.6534500       0.2058888
       0.6565916       0.2078017
       0.6597332       0.2097240
       0.6628748       0.2116533
       0.6660163       0.2135905
       0.6691579       0.2155361
       0.6722995       0.2174882
       0.6754411       0.2194500
       0.6785827       0.2214169
       0.6817243       0.2233947
       0.6848658       0.2253766
       0.6880074       0.2273702
       0.6911490       0.2293670
       0.6942906       0.2313764
       0.6974322       0.2333881
       0.7005737       0.2354130
       0.7037153       0.2374396
       0.7068569       0.2394800
       0.7099985       0.2415214
       0.7131401       0.2435771
       0.7162817       0.2456334
       0.7194232       0.2477042
       0.7225648       0.2497755
       0.7257064       0.2518612
       0.7288480       0.2539473
       0.7319896       0.2560335
       0.7351311       0.2581481
       0.7382727       0.2602640
       0.7414143       0.2623800
       0.7445559       0.2644960
       0.7476975       0.2666385
       0.7508391       0.2687843
       0.7539806       0.2709300
       0.7571222       0.2730758
       0.7602638       0.2752448
       0.7634054       0.2774203
       0.7665470       0.2795959
       0.7696885       0.2817715
       0.7728301       0.2839654
       0.7759717       0.2861708
       0.7791133       0.2883762
       0.7822549       0.2905816
       0.7853965       0.2927988
       0.7885380       0.2950340
       0.7916796       0.2972692
       0.7948212       0.2995044
       0.7979628       0.3017433
       0.8011044       0.3040083
       0.8042459       0.3062733
       0.8073875       0.3085382
       0.8105291       0.3108032
       0.8136707       0.3130918
       0.8168123       0.3153866
       0.8199539       0.3176814
       0.8230954       0.3199762
       0.8262370       0.3222827
       0.8293786       0.3246073
       0.8325202       0.3269319
       0.8356618       0.3292565
       0.8388034       0.3315811
       0.8419449       0.3339334
       0.8450865       0.3362878
       0.8482281       0.3386422
       0.8513697       0.3409965
       0.8545113       0.3433627
       0.8576528       0.3457469
       0.8607944       0.3481311
       0.8639360       0.3505153
       0.8670776       0.3528995
       0.8702192       0.3553070
       0.8733608       0.3577210
       0.8765023       0.3601350
       0.8796439       0.3625490
       0.8827855       0.3649657
       0.8859271       0.3674095
       0.8890687       0.3698533
       0.8922102       0.3722970
       0.8953518       0.3747408
       0.8984934       0.3771940
       0.9016350       0.3796676
       0.9047766       0.3821411
       0.9079182       0.3846147
       0.9110597       0.3870883
       0.9142013       0.3895751
       0.9173429       0.3920785
       0.9204845       0.3945819
       0.9236261       0.3970852
       0.9267676       0.3995886
       0.9299092       0.4021061
       0.9330508       0.4046393
       0.9361924       0.4071725
       0.9393340       0.4097057
       0.9424756       0.4122389
       0.9456171       0.4147838
       0.9487587       0.4173468
       0.9519003       0.4199098
       0.9550419       0.4224728
       0.9581835       0.4250358
       0.9613250       0.4276047
       0.9644666       0.4301975
       0.9676082       0.4327903
       0.9707498       0.4353831
       0.9738914       0.4379759
       0.9770330       0.4405687
       0.9801745       0.4431878
       0.9833161       0.4458104
       0.9864577       0.4484330
       0.9895993       0.4510556
       0.9927409       0.4536782
       0.9958825       0.4563135
       0.9990240       0.4589659
       1.0021657       0.4616183
       1.0053073       0.4642707
       1.0084490       0.4669231
       1.0115906       0.4695756
       1.0147322       0.4722499
       1.0178739       0.4749321
       1.0210155       0.4776143
       1.0241572       0.4802965
       1.0272988       0.4829787
       1.0304404       0.4856609
       1.0335821       0.4883687
       1.0367237       0.4910807
       1.0398654       0.4937927
       1.0430070       0.4965047
       1.0461487       0.4992167
       1.0492903       0.5019500
       1.0524319       0.5046918
       1.0555736       0.5074336
       1.0587152       0.5101754
       1.0618569       0.5129172
       1.0649985       0.5156590
       1.0681401       0.5184008
       1.0712818       0.5211427
       1.0744234       0.5238845
       1.0775651       0.5266263
       1.0807067       0.5293861
       1.0838484       0.5321875
       1.0869900       0.5349889
       1.0901316       0.5377904
       1.0932733       0.5405918
       1.0964149       0.5433932
       1.0995566       0.5461946
       1.1026982       0.5489960
       1.1058398       0.5517974
       1.1089815       0.5545989
       1.1121231       0.5574003
       1.1152648       0.5602017
       1.1184064       0.5630031
       1.1215481       0.5658045
       1.1246897       0.5686515
       1.1278313       0.5715125
       1.1309730       0.5743735
       1.1341146       0.5772346
       1.1372563       0.5800956
       1.1403979       0.5829566
       1.1435395       0.5858176
       1.1466812       0.5886787
       1.1498228       0.5915397
       1.1529645       0.5944007
       1.1561061       0.5972617
       1.1592478       0.6001227
       1.1623894       0.6029838
       1.1655310       0.6058448
       1.1686727       0.6087058
       1.1718143       0.6116220
       1.1749560       0.6145427
       1.1780976       0.6174633
       1.1812392       0.6203839
       1.1843809       0.6233045
       1.1875225       0.6262252
       1.1906642       0.6291458
       1.1938058       0.6320664
       1.1969475       0.6349871
       1.2000891       0.6379077
       1.2032307       0.6408283
       1.2063724       0.6437489
       1.2095140       0.6466696
       1.2126557       0.6495902
       1.2157973       0.6525108
       1.2189389       0.6554314
       1.2220806       0.6583683
       1.2252222       0.6613486
       1.2283639       0.6643288
       1.2315055       0.6673090
       1.2346472       0.6702893
       1.2377888       0.6732695
       1.2409304       0.6762497
       1.2440721       0.6792300
       1.2472137       0.6822102
       1.2503554       0.6851904
       1.2534970       0.6881707
       1.2566386       0.6911509
       1.2597803       0.6941311
       1.2629219       0.6971114
       1.2660636       0.7000916
       1.2692052       0.7030718
       1.2723469       0.7060521
       1.2754885       0.7090323
       1.2786301       0.7120125
       1.2817718       0.7149928
       1.2849134       0.7180232
       1.2880551       0.7210631
       1.2911967       0.7241029
       1.2943383       0.7271428
       1.2974800       0.7301826
       1.3006216       0.7332224
       1.3037633       0.7362623
       1.3069049       0.7393021
       1.3100466       0.7423419
       1.3131882       0.7453818
       1.3163298       0.7484216
       1.3194715       0.7514614
       1.3226131       0.7545013
       1.3257548       0.7575411
       1.3288964       0.7605810
       1.3320380       0.7636208
       1.3351797       0.7666606
       1.3383213       0.7697005
       1.3414630       0.7727403
       1.3446046       0.7757801
       1.3477463       0.7788200
       1.3508879       0.7818598
       1.3540295       0.7848997
       1.3571712       0.7879395
       1.3603128       0.7909990
       1.3634545       0.7940984
       1.3665961       0.7971979
       1.3697377       0.8002973
       1.3728794       0.8033968
       1.3760210       0.8064962
       1.3791627       0.8095956
       1.3823043       0.8126951
       1.3854460       0.8157945
       1.3885876       0.8188940
       1.3917292       0.8219934
       1.3948709       0.8250929
       1.3980125       0.8281923
       1.4011542       0.8312917
       1.4042958       0.8343912
       1.4074374       0.8374906
       1.4105791       0.8405901
       1.4137207       0.8436895
       1.4168624       0.8467889
       1.4200040       0.8498884
       1.4231457       0.8529878
       1.4262873       0.8560873
       1.4294289       0.8591867
       1.4325706       0.8622862
       1.4357122       0.8653856
       1.4388539       0.8684850
       1.4419955       0.8715845
       1.4451371       0.8746839
       1.4482788       0.8777834
       1.4514204       0.8808828
       1.4545621       0.8839822
       1.4577037       0.8870817
       1.4608454       0.8901811
       1.4639870       0.8932806
       1.4671286       0.8963800
       1.4702703       0.8994794
       1.4734119       0.9025789
       1.4765536       0.9056783
       1.4796952       0.9087778
       1.4828368       0.9118772
       1.4859785       0.9149767
       1.4891201       0.9181219
       1.4922618       0.9212810
       1.4954034       0.9244400
       1.4985451       0.9275991
       1.5016867       0.9307581
       1.5048283       0.9339172
       1.5079700       0.9370762
       1.5111116       0.9402353
       1.5142533       0.9433943
       1.5173949       0.9465533
       1.5205365       0.9497124
       1.5236782       0.9528714
       1.5268198       0.9560305
       1.5299615       0.9591895
       1.5331031       0.9623486
       1.5362448       0.9655076
       1.5393864       0.9686667
       1.5425280       0.9718257
       1.5456697       0.9749848
       1.5488113       0.9781438
       1.5519530       0.9813029
       1.5550946       0.9844619
       1.5582362       0.9876209
       1.5613779       0.9907800
       1.5645195       0.9939390
       1.5676612       0.9970981
       1.5708028       1.0002522
       1.5739444       1.0033517
       1.5770861       1.0064511
       1.5802277       1.0095506
       1.5833694       1.0126500
       1.5865110       1.0157495
       1.5896527       1.0188489
       1.5927943       1.0219483
       1.5959359       1.0250478
       1.5990776       1.0281472
       1.6022192       1.0312467
       1.6053609       1.0343461
       1.6085025       1.0374455
       1.6116441       1.0405450
       1.6147858       1.0436444
       1.6179274       1.0467439
       1.6210691       1.0498433
       1.6242107       1.0529428
       1.6273524       1.0560422
       1.6304940       1.0591416
       1.6336356       1.0622411
       1.6367773       1.0653405
       1.6399189       1.0684400
       1.6430606       1.0715394
       1.6462022       1.0746388
       1.6493438       1.0777383
       1.6524855       1.0808377
       1.6556271       1.0839372
       1.6587688       1.0870366
       1.6619104       1.0901361
       1.6650521       1.0932355
       1.6681937       1.0963349
       1.6713353       1.0994344
       1.6744770       1.1025338
       1.6776186       1.1056333
       1.6807603       1.1087327
       1.6839019       1.1118321
       1.6870435       1.1149316
       1.6901852       1.1180310
       1.6933268       1.1211305
       1.6964685       1.1242299
       1.6996101       1.1273293
       1.7027518       1.1304288
       1.7058934       1.1335282
       1.7090350       1.1366277
       1.7121767       1.1397271
       1.7153183       1.1428266
       1.7184600       1.1459260
       1.7216016       1.1490254
       1.7247432       1.1521249
       1.7278849       1.1552243
       1.7310265       1.1583238
       1.7341682       1.1614232
       1.7373098       1.1645226
       1.7404515       1.1676221
       1.7435931       1.1707215
       1.7467347       1.1738210
       1.7498764       1.1769204
       1.7530180       1.1800199
       1.7561597       1.1831193
       1.7593013       1.1862187
       1.7624429       1.1893182
       1.7655846       1.1924176
       1.7687262       1.1955171
       1.7718679       1.1986165
       1.7750095       1.2017159
       1.7781512       1.2048154
       1.7812928       1.2079148
       1.7844344       1.2110143
       1.7875761       1.2141137
       1.7907177       1.2172132
       1.7938594       1.2203126
       1.7970010       1.2234120
       1.8001426       1.2265115
       1.8032843       1.2296109
       1.8064259       1.2327104
       1.8095676       1.2358098
       1.8127092       1.2389092
       1.8158509       1.2420087
       1.8189925       1.2451081
       1.8221341       1.2482076
       1.8252758       1.2513070
       1.8284174       1.2544065
       1.8315591       1.2575059
       1.8347007       1.2606053
       1.8378423       1.2636102
       1.8409840       1.2665905
       1.8441256       1.2695707
       1.8472673       1.2725509
       1.8504089       1.2755312
       1.8535506       1.2785114
       1.8566922       1.2814916
       1.8598338       1.2844719
       1.8629755       1.2874521
       1.8661171       1.2904323
       1.8692588       1.2934126
       1.8724004       1.2963928
       1.8755420       1.2993730
       1.8786837       1.3023533
       1.8818253       1.3053335
       1.8849670       1.3083137
       1.8881086       1.3112940
       1.8912503       1.3142742
       1.8943919       1.3172544
       1.8975335       1.3202347
       1.9006752       1.3232149
       1.9038168       1.3261951
       1.9069585       1.3291754
       1.9101001       1.3321556
       1.9132417       1.3351358
       1.9163834       1.3381160
       1.9195250       1.3410963
       1.9226667       1.3440765
       1.9258083       1.3470567
       1.9289500       1.3500370
       1.9320916       1.3530172
       1.9352332       1.3559974
       1.9383749       1.3589777
       1.9415165       1.3619579
       1.9446582       1.3649381
       1.9477998       1.3679184
       1.9509414       1.3708986
       1.9540831       1.3738788
       1.9572247       1.3768591
       1.9603664       1.3797910
       1.9635080       1.3826520
       1.9666497       1.3855131
       1.9697913       1.3883741
       1.9729329       1.3912351
       1.9760746       1.3940961
       1.9792162       1.3969572
       1.9823579       1.3998182
       1.9854995       1.4026792
       1.9886411       1.4055402
       1.9917828       1.4084013
       1.9949244       1.4112623
       1.9980661       1.4141233
       2.0012076       1.4169843
       2.0043492       1.4198453
       2.0074909       1.4227064
       2.0106325       1.4255674
       2.0137742       1.4284284
       2.0169158       1.4312894
       2.0200574       1.4341505
       2.0231991       1.4370115
       2.0263407       1.4398725
       2.0294824       1.4427335
       2.0326240       1.4455945
       2.0357656       1.4484556
       2.0389073       1.4513166
       2.0420489       1.4541776
       2.0451906       1.4570386
       2.0483322       1.4598997
       2.0514739       1.4627607
       2.0546155       1.4655497
       2.0577571       1.4682915
       2.0608988       1.4710333
       2.0640404       1.4737751
       2.0671821       1.4765170
       2.0703237       1.4792588
       2.0734653       1.4820006
       2.0766070       1.4847424
       2.0797486       1.4874842
       2.0828903       1.4902260
       2.0860319       1.4929678
       2.0891736       1.4957097
       2.0923152       1.4984515
       2.0954568       1.5011933
       2.0985985       1.5039351
       2.1017401       1.5066769
       2.1048818       1.5094187
       2.1080234       1.5121605
       2.1111650       1.5149024
       2.1143067       1.5176442
       2.1174483       1.5203860
       2.1205900       1.5231278
       2.1237316       1.5258696
       2.1268733       1.5286114
       2.1300149       1.5313532
       2.1331565       1.5340405
       2.1362982       1.5366631
       2.1394398       1.5392857
       2.1425815       1.5419083
       2.1457231       1.5445309
       2.1488647       1.5471535
       2.1520064       1.5497761
       2.1551480       1.5523987
       2.1582897       1.5550213
       2.1614313       1.5576439
       2.1645730       1.5602665
       2.1677146       1.5628891
       2.1708562       1.5655117
       2.1739979       1.5681343
       2.1771395       1.5707569
       2.1802812       1.5733795
       2.1834228       1.5760021
       2.1865644       1.5786247
       2.1897061       1.5812473
       2.1928477       1.5838699
       2.1959894       1.5864925
       2.1991310       1.5891151
       2.2022727       1.5917156
       2.2054143       1.5942190
       2.2085559       1.5967224
       2.2116976       1.5992258
       2.2148392       1.6017292
       2.2179809       1.6042325
       2.2211225       1.6067359
       2.2242641       1.6092393
       2.2274058       1.6117427
       2.2305474       1.6142461
       2.2336891       1.6167495
       2.2368307       1.6192529
       2.2399724       1.6217563
       2.2431140       1.6242597
       2.2462556       1.6267631
       2.2493973       1.6292665
       2.2525389       1.6317699
       2.2556806       1.6342733
       2.2588222       1.6367767
       2.2619638       1.6392801
       2.2651055       1.6417835
       2.2682471       1.6441793
       2.2713888       1.6465635
       2.2745304       1.6489477
       2.2776721       1.6513319
       2.2808137       1.6537161
       2.2839553       1.6561003
       2.2870970       1.6584845
       2.2902386       1.6608686
       2.2933803       1.6632528
       2.2965219       1.6656370
       2.2996635       1.6680212
       2.3028052       1.6704054
       2.3059468       1.6727896
       2.3090885       1.6751738
       2.3122301       1.6775579
       2.3153718       1.6799421
       2.3185134       1.6823263
       2.3216550       1.6847105
       2.3247967       1.6870841
       2.3279383       1.6893491
       2.3310800       1.6916140
       2.3342216       1.6938790
       2.3373632       1.6961440
       2.3405049       1.6984090
       2.3436465       1.7006739
       2.3467882       1.7029389
       2.3499298       1.7052039
       2.3530715       1.7074689
       2.3562131       1.7097338
       2.3593547       1.7119988
       2.3624964       1.7142638
       2.3656380       1.7165288
       2.3687797       1.7187937
       2.3719213       1.7210587
       2.3750629       1.7233237
       2.3782046       1.7255887
       2.3813462       1.7278044
       2.3844879       1.7299502
       2.3876295       1.7320960
       2.3907712       1.7342417
       2.3939128       1.7363875
       2.3970544       1.7385333
       2.4001961       1.7406790
       2.4033377       1.7428248
       2.4064794       1.7449706
       2.4096210       1.7471163
       2.4127626       1.7492621
       2.4159043       1.7514079
       2.4190459       1.7535536
       2.4221876       1.7556994
       2.4253292       1.7578452
       2.4284708       1.7599909
       2.4316125       1.7621367
       2.4347541       1.7642057
       2.4378958       1.7662323
       2.4410374       1.7682588
       2.4441791       1.7702854
       2.4473207       1.7723119
       2.4504623       1.7743385
       2.4536040       1.7763650
       2.4567456       1.7783916
       2.4598873       1.7804182
       2.4630289       1.7824447
       2.4661705       1.7844713
       2.4693122       1.7864978
       2.4724538       1.7885244
       2.4755955       1.7905509
       2.4787371       1.7925775
       2.4818788       1.7946041
       2.4850204       1.7965571
       2.4881620       1.7984644
       2.4913037       1.8003718
       2.4944453       1.8022791
       2.4975870       1.8041865
       2.5007286       1.8060938
       2.5038702       1.8080012
       2.5070119       1.8099085
       2.5101535       1.8118159
       2.5132952       1.8137232
       2.5164368       1.8156306
       2.5195785       1.8175379
       2.5227201       1.8194453
       2.5258617       1.8213526
       2.5290034       1.8232599
       2.5321450       1.8251427
       2.5352867       1.8269309
       2.5384283       1.8287190
       2.5415699       1.8305072
       2.5447116       1.8322953
       2.5478532       1.8340834
       2.5509949       1.8358716
       2.5541365       1.8376597
       2.5572782       1.8394479
       2.5604198       1.8412360
       2.5635614       1.8430241
       2.5667031       1.8448123
       2.5698447       1.8466004
       2.5729864       1.8483886
       2.5761280       1.8501767
       2.5792696       1.8519275
       2.5824113       1.8535964
       2.5855529       1.8552654
       2.5886946       1.8569343
       2.5918362       1.8586032
       2.5949779       1.8602722
       2.5981195       1.8619411
       2.6012611       1.8636100
       2.6044028       1.8652790
       2.6075444       1.8669479
       2.6106861       1.8686168
       2.6138277       1.8702857
       2.6169693       1.8719547
       2.6201110       1.8736236
       2.6232526       1.8752925
       2.6263943       1.8768589
       2.6295359       1.8784087
       2.6326776       1.8799584
       2.6358192       1.8815081
       2.6389608       1.8830578
       2.6421025       1.8846076
       2.6452441       1.8861573
       2.6483858       1.8877070
       2.6515274       1.8892567
       2.6546690       1.8908064
       2.6578107       1.8923562
       2.6609523       1.8939059
       2.6640940       1.8954556
       2.6672356       1.8970053
       2.6703773       1.8984616
       2.6735189       1.8998921
       2.6766605       1.9013226
       2.6798022       1.9027531
       2.6829438       1.9041836
       2.6860855       1.9056141
       2.6892271       1.9070446
       2.6923687       1.9084752
       2.6955104       1.9099057
       2.6986520       1.9113362
       2.7017937       1.9127667
       2.7049353       1.9141972
       2.7080770       1.9156277
       2.7112186       1.9170545
       2.7143602       1.9183658
       2.7175019       1.9196771
       2.7206435       1.9209884
       2.7237852       1.9222997
       2.7269268       1.9236110
       2.7300684       1.9249223
       2.7332101       1.9262336
       2.7363517       1.9275450
       2.7394934       1.9288563
       2.7426350       1.9301676
       2.7457767       1.9314789
       2.7489183       1.9327902
       2.7520599       1.9341015
       2.7552016       1.9353462
       2.7583432       1.9365383
       2.7614849       1.9377304
       2.7646265       1.9389225
       2.7677681       1.9401146
       2.7709098       1.9413067
       2.7740514       1.9424988
       2.7771931       1.9436909
       2.7803347       1.9448830
       2.7834764       1.9460751
       2.7866180       1.9472672
       2.7897596       1.9484593
       2.7929013       1.9496514
       2.7960429       1.9508048
       2.7991846       1.9518777
       2.8023262       1.9529506
       2.8054678       1.9540235
       2.8086095       1.9550964
       2.8117511       1.9561692
       2.8148928       1.9572421
       2.8180344       1.9583150
       2.8211761       1.9593879
       2.8243177       1.9604608
       2.8274593       1.9615337
       2.8306010       1.9626065
       2.8337426       1.9636794
       2.8368843       1.9647169
       2.8400259       1.9656706
       2.8431675       1.9666243
       2.8463092       1.9675779
       2.8494508       1.9685316
       2.8525925       1.9694853
       2.8557341       1.9704390
       2.8588758       1.9713926
       2.8620174       1.9723463
       2.8651590       1.9733000
       2.8683007       1.9742537
       2.8714423       1.9752073
       2.8745840       1.9761610
       2.8777256       1.9770614
       2.8808672       1.9778959
       2.8840089       1.9787303
       2.8871505       1.9795648
       2.8902922       1.9803993
       2.8934338       1.9812337
       2.8965755       1.9820682
       2.8997171       1.9829026
       2.9028587       1.9837371
       2.9060004       1.9845716
       2.9091420       1.9854060
       2.9122837       1.9862405
       2.9154253       1.9870750
       2.9185669       1.9878204
       2.9217086       1.9885356
       2.9248502       1.9892509
       2.9279919       1.9899662
       2.9311335       1.9906814
       2.9342752       1.9913967
       2.9374168       1.9921119
       2.9405584       1.9928272
       2.9437001       1.9935424
       2.9468417       1.9942577
       2.9499834       1.9949729
       2.9531250       1.9956882
       2.9562666       1.9963827
       2.9594083       1.9969788
       2.9625499       1.9975748
       2.9656916       1.9981709
       2.9688332       1.9987669
       2.9719748       1.9993629
       2.9751165       1.9999590
       2.9782581       2.0004451
       2.9813998       2.0009220
       2.9845414       2.0013988
       2.9876831       2.0018756
       2.9908247       2.0023525
       2.9939663       2.0028293
       2.9971080       2.0033062
       3.0002496       2.0037830
       3.0033913       2.0042598
       3.0065329       2.0047367
       3.0096745       2.0052135
       3.0128162       2.0056903
       3.0159578       2.0061672
       3.0190995       2.0066440
       3.0222411       2.0071208
       3.0253828       2.0075977
       3.0285244       2.0080745
       3.0316660       2.0085514
       3.0348077       2.0090282
       3.0379493       2.0095050
       3.0410910       2.0099819
       3.0442326       2.0104587
       3.0473742       2.0109355
       3.0505159       2.0114124
       3.0536575       2.0118539
       3.0567992       2.0120924
       3.0599408       2.0123308
       3.0630825       2.0125692
       3.0662241       2.0128076
       3.0693657       2.0130460
       3.0725074       2.0132844
       3.0756490       2.0135229
       3.0787907       2.0137613
       3.0819323       2.0139997
       3.0850739       2.0142381
       3.0882156       2.0144765
       3.0913572       2.0147150
       3.0944989       2.0149534
       3.0976405       2.0151918
       3.1007822       2.0154302
       3.1039238       2.0156686
       3.1070654       2.0159070
       3.1102071       2.0161455
       3.1133487       2.0163839
       3.1164904       2.0166223
       3.1196320       2.0168607
       3.1227736       2.0170991
       3.1259153       2.0173376
       3.1290569       2.0175760
       3.1321986       2.0176747
       3.1353402       2.0176747
       3.1384819       2.0176747
       3.1416235       2.0176747
