   0.0000000000000000        4.0000000000000000     
   3.0030030030030030E-003   4.0000180360947342     
   6.0060060060060060E-003   4.0000721448668903     
   9.0090090090090089E-003   4.0001623277803482     
   1.2012012012012012E-002   4.0002885872749800     
   1.5015015015015015E-002   4.0004509267667610     
   1.8018018018018018E-002   4.0006493506479250     
   2.1021021021021019E-002   4.0008838642871591     
   2.4024024024024024E-002   4.0011544740298506     
   2.7027027027027029E-002   4.0014611871983661     
   3.0030030030030030E-002   4.0018040120923901     
   3.3033033033033031E-002   4.0021829579892918     
   3.6036036036036036E-002   4.0025980351445485     
   3.9039039039039040E-002   4.0030492547922059     
   4.2042042042042038E-002   4.0035366291453869     
   4.5045045045045043E-002   4.0040601713968380     
   4.8048048048048048E-002   4.0046198957195305     
   5.1051051051051052E-002   4.0052158172672971     
   5.4054054054054057E-002   4.0058479521755128     
   5.7057057057057055E-002   4.0065163175618288     
   6.0060060060060060E-002   4.0072209315269403     
   6.3063063063063057E-002   4.0079618131554060     
   6.6066066066066062E-002   4.0087389825165110     
   6.9069069069069067E-002   4.0095524606651667     
   7.2072072072072071E-002   4.0104022696428689     
   7.5075075075075076E-002   4.0112884324786888     
   7.8078078078078081E-002   4.0122109731903146     
   8.1081081081081086E-002   4.0131699167851353     
   8.4084084084084076E-002   4.0141652892613724     
   8.7087087087087081E-002   4.0151971176092527     
   9.0090090090090086E-002   4.0162654298122291     
   9.3093093093093091E-002   4.0173702548482444     
   9.6096096096096095E-002   4.0185116226910429     
   9.9099099099099100E-002   4.0196895643115269     
  0.10210210210210210        4.0209041116791511     
  0.10510510510510511        4.0221552977633772     
  0.10810810810810811        4.0234431565351585     
  0.11111111111111110        4.0247677229684822     
  0.11411411411411411        4.0261290330419479     
  0.11711711711711711        4.0275271237404002     
  0.12012012012012012        4.0289620330566018     
  0.12312312312312312        4.0304337999929531     
  0.12612612612612611        4.0319424645632616     
  0.12912912912912913        4.0334880677945524     
  0.13213213213213212        4.0350706517289296     
  0.13513513513513514        4.0366902594254821     
  0.13813813813813813        4.0383469349622336     
  0.14114114114114115        4.0400407234381461     
  0.14414414414414414        4.0417716709751641     
  0.14714714714714713        4.0435398247203054     
  0.15015015015015015        4.0453452328478061     
  0.15315315315315314        4.0471879445613030     
  0.15615615615615616        4.0490680100960734     
  0.15915915915915915        4.0509854807213133     
  0.16216216216216217        4.0529404087424714     
  0.16516516516516516        4.0549328475036219     
  0.16816816816816815        4.0569628513898977     
  0.17117117117117117        4.0590304758299576     
  0.17417417417417416        4.0611357772985111     
  0.17717717717717718        4.0632788133188926     
  0.18018018018018017        4.0654596424656742     
  0.18318318318318319        4.0676783243673400     
  0.18618618618618618        4.0699349197089996     
  0.18918918918918920        4.0722294902351557     
  0.19219219219219219        4.0745620987525193     
  0.19519519519519518        4.0769328091328765     
  0.19819819819819820        4.0793416863160008     
  0.20120120120120119        4.0817887963126172     
  0.20420420420420421        4.0842742062074215     
  0.20720720720720720        4.0867979841621391     
  0.21021021021021022        4.0893601994186453     
  0.21321321321321321        4.0919609223021292     
  0.21621621621621623        4.0946002242243074     
  0.21921921921921922        4.0972781776866993     
  0.22222222222222221        4.0999948562839377     
  0.22522522522522523        4.1027503347071468     
  0.22822822822822822        4.1055446887473597     
  0.23123123123123124        4.1083779952989916     
  0.23423423423423423        4.1112503323633716     
  0.23723723723723725        4.1141617790523153     
  0.24024024024024024        4.1171124155917607     
  0.24324324324324323        4.1201023233254475     
  0.24624624624624625        4.1231315847186583     
  0.24924924924924924        4.1262002833620057     
  0.25225225225225223        4.1293085039752793     
  0.25525525525525528        4.1324563324113406     
  0.25825825825825827        4.1356438556600743     
  0.26126126126126126        4.1388711618523972     
  0.26426426426426425        4.1421383402643164     
  0.26726726726726724        4.1454454813210440     
  0.27027027027027029        4.1487926766011700     
  0.27327327327327328        4.1521800188408839     
  0.27627627627627627        4.1556076019382617     
  0.27927927927927926        4.1590755209575967     
  0.28228228228228230        4.1625838721337978     
  0.28528528528528529        4.1661327528768375     
  0.28828828828828829        4.1697222617762550     
  0.29129129129129128        4.1733524986057278     
  0.29429429429429427        4.1770235643276843     
  0.29729729729729731        4.1807355610979871     
  0.30030030030030030        4.1844885922706672     
  0.30330330330330330        4.1882827624027197     
  0.30630630630630629        4.1921181772589584     
  0.30930930930930933        4.1959949438169239     
  0.31231231231231232        4.1999131702718584     
  0.31531531531531531        4.2038729660417360     
  0.31831831831831831        4.2078744417723515     
  0.32132132132132130        4.2119177093424724     
  0.32432432432432434        4.2160028818690511     
  0.32732732732732733        4.2201300737124940     
  0.33033033033033032        4.2242994004819989     
  0.33333333333333331        4.2285109790409461     
  0.33633633633633631        4.2327649275123571     
  0.33933933933933935        4.2370613652844131     
  0.34234234234234234        4.2414004130160370     
  0.34534534534534533        4.2457821926425376     
  0.34834834834834832        4.2502068273813158     
  0.35135135135135137        4.2546744417376399     
  0.35435435435435436        4.2591851615104774     
  0.35735735735735735        4.2637391137983975     
  0.36036036036036034        4.2683364270055355     
  0.36336336336336333        4.2729772308476228     
  0.36636636636636638        4.2776616563580818     
  0.36936936936936937        4.2823898358941923     
  0.37237237237237236        4.2871619031433115     
  0.37537537537537535        4.2919779931291790     
  0.37837837837837840        4.2968382422182723     
  0.38138138138138139        4.3017427881262398     
  0.38438438438438438        4.3066917699243978     
  0.38738738738738737        4.3116853280463001     
  0.39039039039039036        4.3167236042943697     
  0.39339339339339341        4.3218067418466104     
  0.39639639639639640        4.3269348852633724     
  0.39939939939939939        4.3321081804942096     
  0.40240240240240238        4.3373267748847848     
  0.40540540540540543        4.3425908171838650     
  0.40840840840840842        4.3479004575503764     
  0.41141141141141141        4.3532558475605363     
  0.41441441441441440        4.3586571402150609     
  0.41741741741741739        4.3641044899464356     
  0.42042042042042044        4.3695980526262712     
  0.42342342342342343        4.3751379855727262     
  0.42642642642642642        4.3807244475580065     
  0.42942942942942941        4.3863575988159420     
  0.43243243243243246        4.3920376010496316     
  0.43543543543543545        4.3977646174391749     
  0.43843843843843844        4.4035388126494697     
  0.44144144144144143        4.4093603528380978     
  0.44444444444444442        4.4152294056632764     
  0.44744744744744747        4.4211461402918975     
  0.45045045045045046        4.4271107274076416     
  0.45345345345345345        4.4331233392191720     
  0.45645645645645644        4.4391841494684048     
  0.45945945945945943        4.4452933334388680     
  0.46246246246246248        4.4514510679641335     
  0.46546546546546547        4.4576575314363334     
  0.46846846846846846        4.4639129038147587     
  0.47147147147147145        4.4702173666345404     
  0.47447447447447449        4.4765711030154156     
  0.47747747747747749        4.4829742976705731     
  0.48048048048048048        4.4894271369155865     
  0.48348348348348347        4.4959298086774320     
  0.48648648648648646        4.5024825025035948     
  0.48948948948948950        4.5090854095712540     
  0.49249249249249250        4.5157387226965611     
  0.49549549549549549        4.5224426363440049     
  0.49849849849849848        4.5291973466358622     
  0.50150150150150152        4.5360030513617398     
  0.50450450450450446        4.5428599499882028     
  0.50750750750750750        4.5497682436684999     
  0.51051051051051055        4.5567281352523681     
  0.51351351351351349        4.5637398292959412     
  0.51651651651651653        4.5708035320717411     
  0.51951951951951947        4.5779194515787651     
  0.52252252252252251        4.5850877975526716     
  0.52552552552552556        4.5923087814760493     
  0.52852852852852850        4.5995826165887896     
  0.53153153153153154        4.6069095178985542     
  0.53453453453453448        4.6142897021913356     
  0.53753753753753752        4.6217233880421151     
  0.54054054054054057        4.6292107958256201     
  0.54354354354354351        4.6367521477271811     
  0.54654654654654655        4.6443476677536841     
  0.54954954954954960        4.6519975817446255     
  0.55255255255255253        4.6597021173832687     
  0.55555555555555558        4.6674615042078988     
  0.55855855855855852        4.6752759736231830     
  0.56156156156156156        4.6831457589116345     
  0.56456456456456461        4.6910710952451735     
  0.56756756756756754        4.6990522196968030     
  0.57057057057057059        4.7070893712523842     
  0.57357357357357353        4.7151827908225146     
  0.57657657657657657        4.7233327212545255     
  0.57957957957957962        4.7315394073445711     
  0.58258258258258255        4.7398030958498412     
  0.58558558558558560        4.7481240355008758     
  0.58858858858858853        4.7565024770139894     
  0.59159159159159158        4.7649386731038126     
  0.59459459459459463        4.7734328784959379     
  0.59759759759759756        4.7819853499396885     
  0.60060060060060061        4.7905963462209913     
  0.60360360360360354        4.7992661281753692     
  0.60660660660660659        4.8079949587010553     
  0.60960960960960964        4.8167831027722094     
  0.61261261261261257        4.8256308274522661     
  0.61561561561561562        4.8345384019073938     
  0.61861861861861867        4.8435060974200779     
  0.62162162162162160        4.8525341874028181     
  0.62462462462462465        4.8616229474119557     
  0.62762762762762758        4.8707726551616144     
  0.63063063063063063        4.8799835905377753     
  0.63363363363363367        4.8892560356124610     
  0.63663663663663661        4.8985902746580630     
  0.63963963963963966        4.9079865941617813     
  0.64264264264264259        4.9174452828401982     
  0.64564564564564564        4.9269666316539826     
  0.64864864864864868        4.9365509338227138     
  0.65165165165165162        4.9461984848398490     
  0.65465465465465467        4.9559095824878128     
  0.65765765765765760        4.9656845268532237     
  0.66066066066066065        4.9755236203422548     
  0.66366366366366369        4.9854271676961233     
  0.66666666666666663        4.9953954760067285     
  0.66966966966966968        5.0054288547324122     
  0.67267267267267261        5.0155276157138688     
  0.67567567567567566        5.0256920731901875     
  0.67867867867867870        5.0359225438150412     
  0.68168168168168164        5.0462193466730101     
  0.68468468468468469        5.0565828032960569     
  0.68768768768768773        5.0670132376801353     
  0.69069069069069067        5.0775109763019550     
  0.69369369369369371        5.0880763481358846     
  0.69669669669669665        5.0987096846710047     
  0.69969969969969970        5.1094113199283164     
  0.70270270270270274        5.1201815904780847     
  0.70570570570570568        5.1310208354573517     
  0.70870870870870872        5.1419293965875887     
  0.71171171171171166        5.1529076181925078     
  0.71471471471471471        5.1639558472160294     
  0.71771771771771775        5.1750744332404022     
  0.72072072072072069        5.1862637285044881     
  0.72372372372372373        5.1975240879221980     
  0.72672672672672667        5.2088558691010931     
  0.72972972972972971        5.2202594323611491     
  0.73273273273273276        5.2317351407536785     
  0.73573573573573570        5.2432833600804232     
  0.73873873873873874        5.2549044589128080     
  0.74174174174174179        5.2665988086113691     
  0.74474474474474472        5.2783667833453389     
  0.74774774774774777        5.2902087601124181     
  0.75075075075075071        5.3021251187587009     
  0.75375375375375375        5.3141162419987884     
  0.75675675675675680        5.3261825154360700     
  0.75975975975975973        5.3383243275831811     
  0.76276276276276278        5.3505420698826400     
  0.76576576576576572        5.3628361367276618     
  0.76876876876876876        5.3752069254831571     
  0.77177177177177181        5.3876548365069103     
  0.77477477477477474        5.4001802731709381     
  0.77777777777777779        5.4127836418830420     
  0.78078078078078073        5.4254653521085414     
  0.78378378378378377        5.4382258163921966     
  0.78678678678678682        5.4510654503803231     
  0.78978978978978975        5.4639846728430950     
  0.79279279279279280        5.4769839056970513     
  0.79579579579579574        5.4900635740277819     
  0.79879879879879878        5.5032241061128238     
  0.80180180180180183        5.5164659334447510     
  0.80480480480480476        5.5297894907544629     
  0.80780780780780781        5.5431952160346798     
  0.81081081081081086        5.5566835505636387     
  0.81381381381381379        5.5702549389289926     
  0.81681681681681684        5.5839098290519251     
  0.81981981981981977        5.5976486722114664     
  0.82282282282282282        5.6114719230690238     
  0.82582582582582587        5.6253800396931242     
  0.82882882882882880        5.6393734835843716     
  0.83183183183183185        5.6534527197006250     
  0.83483483483483478        5.6676182164823885     
  0.83783783783783783        5.6818704458784239     
  0.84084084084084088        5.6962098833715897     
  0.84384384384384381        5.7106370080048983     
  0.84684684684684686        5.7251523024078086     
  0.84984984984984979        5.7397562528227342     
  0.85285285285285284        5.7544493491317930     
  0.85585585585585588        5.7692320848837850     
  0.85885885885885882        5.7841049573214027     
  0.86186186186186187        5.7990684674086852     
  0.86486486486486491        5.8141231198586993     
  0.86786786786786785        5.8292694231614730     
  0.87087087087087089        5.8445078896121645     
  0.87387387387387383        5.8598390353394798     
  0.87687687687687688        5.8752633803343368     
  0.87987987987987992        5.8907814484787773     
  0.88288288288288286        5.9063937675751292     
  0.88588588588588590        5.9221008693754333     
  0.88888888888888884        5.9379032896111106     
  0.89189189189189189        5.9538015680228984     
  0.89489489489489493        5.9697962483910425     
  0.89789789789789787        5.9858878785657588     
  0.90090090090090091        6.0020770104979526     
  0.90390390390390385        6.0183642002702076     
  0.90690690690690690        6.0347500081280518     
  0.90990990990990994        6.0512349985114859     
  0.91291291291291288        6.0678197400867910     
  0.91591591591591592        6.0845048057786233     
  0.91891891891891886        6.1012907728023675     
  0.92192192192192191        6.1181782226967965     
  0.92492492492492495        6.1351677413569998     
  0.92792792792792789        6.1522599190676033     
  0.93093093093093093        6.1694553505362881     
  0.93393393393393398        6.1867546349275866     
  0.93693693693693691        6.2041583758969887     
  0.93993993993993996        6.2216671816253406     
  0.94294294294294290        6.2392816648535394     
  0.94594594594594594        6.2570024429175417     
  0.94894894894894899        6.2748301377836695     
  0.95195195195195192        6.2927653760842306     
  0.95495495495495497        6.3108087891534499     
  0.95795795795795791        6.3289610130637133     
  0.96096096096096095        6.3472226886621330     
  0.96396396396396400        6.3655944616074303     
  0.96696696696696693        6.3840769824071435     
  0.96996996996996998        6.4026709064551639     
  0.97297297297297292        6.4213768940695921     
  0.97597597597597596        6.4401956105309468     
  0.97897897897897901        6.4591277261206832     
  0.98198198198198194        6.4781739161600678     
  0.98498498498498499        6.4973348610493948     
  0.98798798798798793        6.5166112463075372     
  0.99099099099099097        6.5360037626118510     
  0.99399399399399402        6.5555131058384335     
  0.99699699699699695        6.5751399771027312     
   1.0000000000000000        6.5948850828005128     
   1.0030030030030030        6.6147491346491867     
   1.0060060060060061        6.6347328497295059     
   1.0090090090090089        6.6548369505276170     
   1.0120120120120120        6.6750621649775059     
   1.0150150150150150        6.6954092265037897     
   1.0180180180180181        6.7158788740649031     
   1.0210210210210211        6.7364718521966713     
   1.0240240240240239        6.7571889110562511     
   1.0270270270270270        6.7780308064664752     
   1.0300300300300300        6.7989982999605774     
   1.0330330330330331        6.8200921588273200     
   1.0360360360360361        6.8413131561565228     
   1.0390390390390389        6.8626620708849826     
   1.0420420420420420        6.8841396878428229     
   1.0450450450450450        6.9057467978002220     
   1.0480480480480481        6.9274841975145831     
   1.0510510510510511        6.9493526897781130     
   1.0540540540540539        6.9713530834658144     
   1.0570570570570570        6.9934861935839248     
   1.0600600600600600        7.0157528413187586     
   1.0630630630630631        7.0381538540860058     
   1.0660660660660661        7.0606900655804568     
   1.0690690690690690        7.0833623158261743     
   1.0720720720720720        7.1061714512271115     
   1.0750750750750750        7.1291183246181751     
   1.0780780780780781        7.1522037953167485     
   1.0810810810810811        7.1754287291746737     
   1.0840840840840840        7.1987939986306904     
   1.0870870870870870        7.2223004827633597     
   1.0900900900900901        7.2459490673444300     
   1.0930930930930931        7.2697406448927078     
   1.0960960960960962        7.2936761147283971     
   1.0990990990990992        7.3177563830279224     
   1.1021021021021020        7.3419823628792438     
   1.1051051051051051        7.3663549743376757     
   1.1081081081081081        7.3908751444821830     
   1.1111111111111112        7.4155438074722042     
   1.1141141141141142        7.4403619046049689     
   1.1171171171171170        7.4653303843733338     
   1.1201201201201201        7.4904502025241442     
   1.1231231231231231        7.5157223221170968     
   1.1261261261261262        7.5411477135841549     
   1.1291291291291292        7.5667273547894833     
   1.1321321321321320        7.5924622310899226     
   1.1351351351351351        7.6183533353960211     
   1.1381381381381381        7.6444016682335825     
   1.1411411411411412        7.6706082378058049     
   1.1441441441441442        7.6969740600559522     
   1.1471471471471471        7.7235001587306016     
   1.1501501501501501        7.7501875654434631     
   1.1531531531531531        7.7770373197397591     
   1.1561561561561562        7.8040504691612016     
   1.1591591591591592        7.8312280693115452     
   1.1621621621621621        7.8585711839227317     
   1.1651651651651651        7.8860808849216468     
   1.1681681681681682        7.9137582524974510     
   1.1711711711711712        7.9416043751695451     
   1.1741741741741742        7.9696203498561395     
   1.1771771771771771        7.9978072819434454     
   1.1801801801801801        8.0261662853554938     
   1.1831831831831832        8.0546984826245804     
   1.1861861861861862        8.0834050049623549     
   1.1891891891891893        8.1122869923315530     
   1.1921921921921921        8.1413455935183823     
   1.1951951951951951        8.1705819662055656     
   1.1981981981981982        8.1999972770460285     
   1.2012012012012012        8.2295927017372890     
   1.2042042042042043        8.2593694250964944     
   1.2072072072072071        8.2893286411361551     
   1.2102102102102101        8.3194715531405734     
   1.2132132132132132        8.3497993737429432     
   1.2162162162162162        8.3803133250031827     
   1.2192192192192193        8.4110146384864528     
   1.2222222222222223        8.4419045553423988     
   1.2252252252252251        8.4729843263851254     
   1.2282282282282282        8.5042552121738897     
   1.2312312312312312        8.5357184830945254     
   1.2342342342342343        8.5673754194416283     
   1.2372372372372373        8.5992273115014868     
   1.2402402402402402        8.6312754596357575     
   1.2432432432432432        8.6635211743659344     
   1.2462462462462462        8.6959657764585589     
   1.2492492492492493        8.7286105970112331     
   1.2522522522522523        8.7614569775394191     
   1.2552552552552552        8.7945062700640175     
   1.2582582582582582        8.8277598371997872     
   1.2612612612612613        8.8612190522445236     
   1.2642642642642643        8.8948852992691023     
   1.2672672672672673        8.9287599732083276     
   1.2702702702702702        8.9628444799526186     
   1.2732732732732732        8.9971402364405595     
   1.2762762762762763        9.0316486707522579     
   1.2792792792792793        9.0663712222036068     
   1.2822822822822824        9.1013093414413984     
   1.2852852852852852        9.1364644905393035     
   1.2882882882882882        9.1718381430947709     
   1.2912912912912913        9.2074317843267721     
   1.2942942942942943        9.2432469111744915     
   1.2972972972972974        9.2792850323969081     
   1.3003003003003002        9.3155476686733003     
   1.3033033033033032        9.3520363527046957     
   1.3063063063063063        9.3887526293162260     
   1.3093093093093093        9.4256980555604688     
   1.3123123123123124        9.4628742008217213     
   1.3153153153153152        9.5002826469212511     
   1.3183183183183182        9.5379249882235282     
   1.3213213213213213        9.5758028317434238     
   1.3243243243243243        9.6139177972544285     
   1.3273273273273274        9.6522715173978604     
   1.3303303303303302        9.6908656377930971     
   1.3333333333333333        9.7297018171488308     
   1.3363363363363363        9.7687817273753517     
   1.3393393393393394        9.8081070536978938     
   1.3423423423423424        9.8476794947710165     
   1.3453453453453452        9.8875007627940725     
   1.3483483483483483        9.9275725836277449     
   1.3513513513513513        9.9678966969116622     
   1.3543543543543544        10.008474856183135     
   1.3573573573573574        10.049308828996969     
   1.3603603603603605        10.090400397046443     
   1.3633633633633633        10.131751356285369     
   1.3663663663663663        10.173363517051348     
   1.3693693693693694        10.215238704190126     
   1.3723723723723724        10.257378757181156     
   1.3753753753753755        10.299785530264321     
   1.3783783783783783        10.342460892567848     
   1.3813813813813813        10.385406728237431     
   1.3843843843843844        10.428624936566544     
   1.3873873873873874        10.472117432128012     
   1.3903903903903905        10.515886144906791     
   1.3933933933933933        10.559933020434002     
   1.3963963963963963        10.604260019922267     
   1.3993993993993994        10.648869120402237     
   1.4024024024024024        10.693762314860498     
   1.4054054054054055        10.738941612378715     
   1.4084084084084083        10.784409038274111     
   1.4114114114114114        10.830166634241287     
   1.4144144144144144        10.876216458495351     
   1.4174174174174174        10.922560585916415     
   1.4204204204204205        10.969201108195476     
   1.4234234234234233        11.016140133981638     
   1.4264264264264264        11.063379789030778     
   1.4294294294294294        11.110922216355570     
   1.4324324324324325        11.158769576376969     
   1.4354354354354355        11.206924047077111     
   1.4384384384384383        11.255387824153674     
   1.4414414414414414        11.304163121175714     
   1.4444444444444444        11.353252169740953     
   1.4474474474474475        11.402657219634580     
   1.4504504504504505        11.452380538989578     
   1.4534534534534533        11.502424414448544     
   1.4564564564564564        11.552791151327094     
   1.4594594594594594        11.603483073778765     
   1.4624624624624625        11.654502524961547     
   1.4654654654654655        11.705851867205970     
   1.4684684684684683        11.757533482184817     
   1.4714714714714714        11.809549771084439     
   1.4744744744744744        11.861903154777714     
   1.4774774774774775        11.914596073998668     
   1.4804804804804805        11.967630989518755     
   1.4834834834834836        12.021010382324832     
   1.4864864864864864        12.074736753798836     
   1.4894894894894894        12.128812625899201     
   1.4924924924924925        12.183240541343968     
   1.4954954954954955        12.238023063795705     
   1.4984984984984986        12.293162778048167     
   1.5015015015015014        12.348662290214778     
   1.5045045045045045        12.404524227918905     
   1.5075075075075075        12.460751240485951     
   1.5105105105105106        12.517345999137337     
   1.5135135135135136        12.574311197186304     
   1.5165165165165164        12.631649550235645     
   1.5195195195195195        12.689363796377316     
   1.5225225225225225        12.747456696393975     
   1.5255255255255256        12.805931033962482     
   1.5285285285285286        12.864789615859346     
   1.5315315315315314        12.924035272168162     
   1.5345345345345345        12.983670856489088     
   1.5375375375375375        13.043699246150272     
   1.5405405405405406        13.104123342421397     
   1.5435435435435436        13.164946070729279     
   1.5465465465465464        13.226170380875514     
   1.5495495495495495        13.287799247256309     
   1.5525525525525525        13.349835669084362     
   1.5555555555555556        13.412282670612964     
   1.5585585585585586        13.475143301362241     
   1.5615615615615615        13.538420636347611     
   1.5645645645645645        13.602117776310470     
   1.5675675675675675        13.666237847951077     
   1.5705705705705706        13.730784004163777     
   1.5735735735735736        13.795759424274459     
   1.5765765765765765        13.861167314280358     
   1.5795795795795795        13.927010907092201     
   1.5825825825825826        13.993293462778668     
   1.5855855855855856        14.060018268813311     
   1.5885885885885886        14.127188640323826     
   1.5915915915915915        14.194807920343806     
   1.5945945945945945        14.262879480066939     
   1.5975975975975976        14.331406719103665     
   1.6006006006006006        14.400393065740406     
   1.6036036036036037        14.469841977201300     
   1.6066066066066067        14.539756939912492     
   1.6096096096096095        14.610141469769040     
   1.6126126126126126        14.680999112404463     
   1.6156156156156156        14.752333443462865     
   1.6186186186186187        14.824148068873805     
   1.6216216216216217        14.896446625129832     
   1.6246246246246245        14.969232779566768     
   1.6276276276276276        15.042510230646760     
   1.6306306306306306        15.116282708244073     
   1.6336336336336337        15.190553973933755     
   1.6366366366366367        15.265327821283126     
   1.6396396396396395        15.340608076146140     
   1.6426426426426426        15.416398596960679     
   1.6456456456456456        15.492703275048727     
   1.6486486486486487        15.569526034919592     
   1.6516516516516517        15.646870834576060     
   1.6546546546546546        15.724741665823609     
   1.6576576576576576        15.803142554582701     
   1.6606606606606606        15.882077561204126     
   1.6636636636636637        15.961550780787510     
   1.6666666666666667        16.041566343502971     
   1.6696696696696696        16.122128414915952     
   1.6726726726726726        16.203241196315339     
   1.6756756756756757        16.284908925044750     
   1.6786786786786787        16.367135874837189     
   1.6816816816816818        16.449926356153004     
   1.6846846846846846        16.533284716521223     
   1.6876876876876876        16.617215340884286     
   1.6906906906906907        16.701722651946188     
   1.6936936936936937        16.786811110524127     
   1.6966966966966968        16.872485215903662     
   1.6996996996996996        16.958749506197393     
   1.7027027027027026        17.045608558707258     
   1.7057057057057057        17.133066990290402     
   1.7087087087087087        17.221129457728768     
   1.7117117117117118        17.309800658102340     
   1.7147147147147146        17.399085329166152     
   1.7177177177177176        17.488988249731058     
   1.7207207207207207        17.579514240048333     
   1.7237237237237237        17.670668162198126     
   1.7267267267267268        17.762454920481805     
   1.7297297297297298        17.854879461818260     
   1.7327327327327327        17.947946776144185     
   1.7357357357357357        18.041661896818397     
   1.7387387387387387        18.136029901030167     
   1.7417417417417418        18.231055910211737     
   1.7447447447447448        18.326745090454967     
   1.7477477477477477        18.423102652932137     
   1.7507507507507507        18.520133854321092     
   1.7537537537537538        18.617843997234569     
   1.7567567567567568        18.716238430653927     
   1.7597597597597598        18.815322550367245     
   1.7627627627627627        18.915101799411829     
   1.7657657657657657        19.015581668521271     
   1.7687687687687688        19.116767696576886     
   1.7717717717717718        19.218665471063883     
   1.7747747747747749        19.321280628532051     
   1.7777777777777777        19.424618855061173     
   1.7807807807807807        19.528685886731132     
   1.7837837837837838        19.633487510096803     
   1.7867867867867868        19.739029562667756     
   1.7897897897897899        19.845317933392863     
   1.7927927927927927        19.952358563149797     
   1.7957957957957957        20.060157445239547     
   1.7987987987987988        20.168720625885939     
   1.8018018018018018        20.278054204740272     
   1.8048048048048049        20.388164335391060     
   1.8078078078078077        20.499057225879032     
   1.8108108108108107        20.610739139217351     
   1.8138138138138138        20.723216393917117     
   1.8168168168168168        20.836495364518314     
   1.8198198198198199        20.950582482126098     
   1.8228228228228227        21.065484234952674     
   1.8258258258258258        21.181207168864635     
   1.8288288288288288        21.297757887935905     
   1.8318318318318318        21.415143055006453     
   1.8348348348348349        21.533369392246570     
   1.8378378378378377        21.652443681727103     
   1.8408408408408408        21.772372765995460     
   1.8438438438438438        21.893163548657487     
   1.8468468468468469        22.014822994965439     
   1.8498498498498499        22.137358132411897     
   1.8528528528528527        22.260776051329859     
   1.8558558558558558        22.385083905499005     
   1.8588588588588588        22.510288912758146     
   1.8618618618618619        22.636398355624063     
   1.8648648648648649        22.763419581916704     
   1.8678678678678680        22.891360005390805     
   1.8708708708708708        23.020227106374062     
   1.8738738738738738        23.150028432411936     
   1.8768768768768769        23.280771598919014     
   1.8798798798798799        23.412464289837207     
   1.8828828828828830        23.545114258300725     
   1.8858858858858858        23.678729327307952     
   1.8888888888888888        23.813317390400286     
   1.8918918918918919        23.948886412347957     
   1.8948948948948949        24.085444429843058     
   1.8978978978978980        24.222999552199717     
   1.9009009009009008        24.361559962061520     
   1.9039039039039038        24.501133916116377     
   1.9069069069069069        24.641729745818672     
   1.9099099099099099        24.783355858119105     
   1.9129129129129130        24.926020736201981     
   1.9159159159159158        25.069732940230271     
   1.9189189189189189        25.214501108098428     
   1.9219219219219219        25.360333956193006     
   1.9249249249249250        25.507240280161266     
   1.9279279279279280        25.655228955687797     
   1.9309309309309308        25.804308939279235     
   1.9339339339339339        25.954489269057238     
   1.9369369369369369        26.105779065559648     
   1.9399399399399400        26.258187532550178     
   1.9429429429429430        26.411723957836447     
   1.9459459459459458        26.566397714096698     
   1.9489489489489489        26.722218259715131     
   1.9519519519519519        26.879195139625963     
   1.9549549549549550        27.037337986166435     
   1.9579579579579580        27.196656519938713     
   1.9609609609609608        27.357160550680849     
   1.9639639639639639        27.518859978147010     
   1.9669669669669669        27.681764792996749     
   1.9699699699699700        27.845885077693858     
   1.9729729729729730        28.011231007414601     
   1.9759759759759759        28.177812850965452     
   1.9789789789789789        28.345640971710679     
   1.9819819819819819        28.514725828509551     
   1.9849849849849850        28.685077976663507     
   1.9879879879879880        28.856708068873385     
   1.9909909909909911        29.029626856206672     
   1.9939939939939939        29.203845189075047     
   1.9969969969969970        29.379374018222308     
   2.0000000000000000        29.556224395722602     
   2.0030030030030028        29.734407475989432     
   2.0060060060060061        29.913934516795273     
   2.0090090090090089        30.094816880301899     
   2.0120120120120122        30.277066034101917     
   2.0150150150150150        30.460693552270985     
   2.0180180180180178        30.645711116431634     
   2.0210210210210211        30.832130516828133     
   2.0240240240240239        31.019963653412656     
   2.0270270270270272        31.209222536943564     
   2.0300300300300300        31.399919290094651     
   2.0330330330330328        31.592066148576873     
   2.0360360360360361        31.785675462271673     
   2.0390390390390389        31.980759696376349     
   2.0420420420420422        32.177331432562006     
   2.0450450450450450        32.375403370143459     
   2.0480480480480479        32.574988327261991     
   2.0510510510510511        32.776099242080548     
   2.0540540540540539        32.978749173991687     
   2.0570570570570572        33.182951304838831     
   2.0600600600600600        33.388718940149978     
   2.0630630630630629        33.596065510385301     
   2.0660660660660661        33.805004572197703     
   2.0690690690690690        34.015549809706933     
   2.0720720720720722        34.227715035787675     
   2.0750750750750750        34.441514193371056     
   2.0780780780780779        34.656961356760590     
   2.0810810810810811        34.874070732961947     
   2.0840840840840840        35.092856663027042     
   2.0870870870870872        35.313333623412980     
   2.0900900900900901        35.535516227355075     
   2.0930930930930929        35.759419226255190     
   2.0960960960960962        35.985057511084769     
   2.0990990990990990        36.212446113802997     
   2.1021021021021022        36.441600208790582     
   2.1051051051051051        36.672535114298533     
   2.1081081081081079        36.905266293913130     
   2.1111111111111112        37.139809358036480     
   2.1141141141141140        37.376180065382911     
   2.1171171171171173        37.614394324492139     
   2.1201201201201201        37.854468195258157     
   2.1231231231231229        38.096417890475315     
   2.1261261261261262        38.340259777400803     
   2.1291291291291290        38.586010379334084     
   2.1321321321321323        38.833686377213873     
   2.1351351351351351        39.083304611231917     
   2.1381381381381379        39.334882082464894     
   2.1411411411411412        39.588435954523646     
   2.1441441441441440        39.843983555220483     
   2.1471471471471473        40.101542378254919     
   2.1501501501501501        40.361130084917249     
   2.1531531531531529        40.622764505811418     
   2.1561561561561562        40.886463642595999     
   2.1591591591591590        41.152245669744538     
   2.1621621621621623        41.420128936325284     
   2.1651651651651651        41.690131967799921     
   2.1681681681681679        41.962273467842465     
   2.1711711711711712        42.236572320177807     
   2.1741741741741740        42.513047590440252     
   2.1771771771771773        42.791718528052904     
   2.1801801801801801        43.072604568127119     
   2.1831831831831834        43.355725333383269     
   2.1861861861861862        43.641100636092148     
   2.1891891891891890        43.928750480038126     
   2.1921921921921923        44.218695062503656     
   2.1951951951951951        44.510954776275447     
   2.1981981981981984        44.805550211673193     
   2.2012012012012012        45.102502158600082     
   2.2042042042042040        45.401831608616334     
   2.2072072072072073        45.703559757035443     
   2.2102102102102101        46.007708005043263     
   2.2132132132132134        46.314297961841127     
   2.2162162162162162        46.623351446811853     
   2.2192192192192191        46.934890491710334     
   2.2222222222222223        47.248937342878051     
   2.2252252252252251        47.565514463481875     
   2.2282282282282284        47.884644535778257     
   2.2312312312312312        48.206350463401719     
   2.2342342342342341        48.530655373679473     
   2.2372372372372373        48.857582619971105     
   2.2402402402402402        49.187155784034374     
   2.2432432432432434        49.519398678417630     
   2.2462462462462462        49.854335348878116     
   2.2492492492492491        50.191990076827935     
   2.2522522522522523        50.532387381806565     
   2.2552552552552552        50.875552023981044     
   2.2582582582582584        51.221509006674424     
   2.2612612612612613        51.570283578921604     
   2.2642642642642641        51.921901238054424     
   2.2672672672672673        52.276387732315172     
   2.2702702702702702        52.633769063498988     
   2.2732732732732734        52.994071489626599     
   2.2762762762762763        53.357321527645993     
   2.2792792792792791        53.723545956164969     
   2.2822822822822824        54.092771818213848     
   2.2852852852852852        54.465026424039138     
   2.2882882882882885        54.840337353928852     
   2.2912912912912913        55.218732461068768     
   2.2942942942942941        55.600239874431537     
   2.2972972972972974        55.984888001697612     
   2.3003003003003002        56.372705532208933     
   2.3033033033033035        56.763721439956321     
   2.3063063063063063        57.157964986599708     
   2.3093093093093091        57.555465724522996     
   2.3123123123123124        57.956253499922852     
   2.3153153153153152        58.360358455932207     
   2.3183183183183185        58.767811035779403     
   2.3213213213213213        59.178641985982296     
   2.3243243243243241        59.592882359578986     
   2.3273273273273274        60.010563519394609     
   2.3303303303303302        60.431717141344841     
   2.3333333333333335        60.856375217777455     
   2.3363363363363363        61.284570060850484     
   2.3393393393393391        61.716334305949857     
   2.3423423423423424        62.151700915144744     
   2.3453453453453452        62.590703180682141     
   2.3483483483483485        63.033374728521736     
   2.3513513513513513        63.479749521909731     
   2.3543543543543541        63.929861864994159     
   2.3573573573573574        64.383746406480839     
   2.3603603603603602        64.841438143330350     
   2.3633633633633635        65.302972424498094     
   2.3663663663663663        65.768384954715543     
   2.3693693693693691        66.237711798315800     
   2.3723723723723724        66.710989383101648     
   2.3753753753753752        67.188254504257898     
   2.3783783783783785        67.669544328308930     
   2.3813813813813813        68.154896397120211     
   2.3843843843843842        68.644348631946528     
   2.3873873873873874        69.137939337525850     
   2.3903903903903903        69.635707206219578     
   2.3933933933933935        70.137691322201192     
   2.3963963963963963        70.643931165691427     
   2.3993993993993992        71.154466617243159     
   2.4024024024024024        71.669337962074309     
   2.4054054054054053        72.188585894450682     
   2.4084084084084085        72.712251522119530     
   2.4114114114114114        73.240376370792802     
   2.4144144144144142        73.773002388683238     
   2.4174174174174174        74.310171951091235     
   2.4204204204204203        74.851927865044885     
   2.4234234234234235        75.398313373993730     
   2.4264264264264264        75.949372162555534     
   2.4294294294294292        76.505148361318660     
   2.4324324324324325        77.065686551698988     
   2.4354354354354353        77.631031770852843     
   2.4384384384384385        78.201229516647004     
   2.4414414414414414        78.776325752685324     
   2.4444444444444446        79.356366913394012     
   2.4474474474474475        79.941399909164844     
   2.4504504504504503        80.531472131558559     
   2.4534534534534536        81.126631458567800     
   2.4564564564564564        81.726926259940910     
   2.4594594594594597        82.332405402567773     
   2.4624624624624625        82.943118255927345     
   2.4654654654654653        83.559114697598915     
   2.4684684684684686        84.180445118836801     
   2.4714714714714714        84.807160430209365     
   2.4744744744744747        85.439312067304627     
   2.4774774774774775        86.076951996500327     
   2.4804804804804803        86.720132720802894     
   2.4834834834834836        87.368907285752826     
   2.4864864864864864        88.023329285399015     
   2.4894894894894897        88.683452868343480     
   2.4924924924924925        89.349332743854930     
   2.4954954954954953        90.021024188054938     
   2.4984984984984986        90.698583050175372     
   2.5015015015015014        91.382065758888814     
   2.5045045045045047        92.071529328713495     
   2.5075075075075075        92.767031366491651     
   2.5105105105105103        93.468630077945306     
   2.5135135135135136        94.176384274307338     
   2.5165165165165164        94.890353379030017     
   2.5195195195195197        95.610597434573279     
   2.5225225225225225        96.337177109270826     
   2.5255255255255253        97.070153704278127     
   2.5285285285285286        97.809589160600751     
   2.5315315315315314        98.555546066205409     
   2.5345345345345347        99.308087663214991     
   2.5375375375375375        100.06727785518684     
   2.5405405405405403        100.83318121447796     
   2.5435435435435436        101.60586298969577     
   2.5465465465465464        102.38538911323620     
   2.5495495495495497        103.17182620891212     
   2.5525525525525525        103.96524159966917     
   2.5555555555555554        104.76570331539469     
   2.5585585585585586        105.57328010081750     
   2.5615615615615615        106.38804142350031     
   2.5645645645645647        107.21005748192843     
   2.5675675675675675        108.03939921369123     
   2.5705705705705704        108.87613830376299     
   2.5735735735735736        109.72034719287939     
   2.5765765765765765        110.57209908601406     
   2.5795795795795797        111.43146796095589     
   2.5825825825825826        112.29852857698616     
   2.5855855855855854        113.17335648366071     
   2.5885885885885886        114.05602802969445     
   2.5915915915915915        114.94662037195143     
   2.5945945945945947        115.84521148454272     
   2.5975975975975976        116.75188016803064     
   2.6006006006006004        117.66670605874400     
   2.6036036036036037        118.58976963820264     
   2.6066066066066065        119.52115224265441     
   2.6096096096096097        120.46093607272643     
   2.6126126126126126        121.40920420318987     
   2.6156156156156154        122.36604059284248     
   2.6186186186186187        123.33153009450774     
   2.6216216216216215        124.30575846515332     
   2.6246246246246248        125.28881237613155     
   2.6276276276276276        126.28077942354008     
   2.6306306306306304        127.28174813870838     
   2.6336336336336337        128.29180799880803     
   2.6366366366366365        129.31104943759021     
   2.6396396396396398        130.33956385625268     
   2.6426426426426426        131.37744363443488     
   2.6456456456456454        132.42478214134704     
   2.6486486486486487        133.48167374703078     
   2.6516516516516515        134.54821383375528     
   2.6546546546546548        135.62449880755130     
   2.6576576576576576        136.71062610988139     
   2.6606606606606604        137.80669422945266     
   2.6636636636636637        138.91280271417014     
   2.6666666666666665        140.02905218323340     
   2.6696696696696698        141.15554433938078     
   2.6726726726726726        142.29238198127848     
   2.6756756756756754        143.43966901606089     
   2.6786786786786787        144.59751047202113     
   2.6816816816816815        145.76601251145385     
   2.6846846846846848        146.94528244365546     
   2.6876876876876876        148.13542873807782     
   2.6906906906906904        149.33656103764440     
   2.6936936936936937        150.54879017222456     
   2.6966966966966965        151.77222817227164     
   2.6996996996996998        153.00698828262753     
   2.7027027027027026        154.25318497649118     
   2.7057057057057059        155.51093396956017     
   2.7087087087087087        156.78035223433966     
   2.7117117117117115        158.06155801462842     
   2.7147147147147148        159.35467084017841     
   2.7177177177177176        160.65981154153229     
   2.7207207207207209        161.97710226504319     
   2.7237237237237237        163.30666648807369     
   2.7267267267267266        164.64862903438342     
   2.7297297297297298        166.00311608970088     
   2.7327327327327327        167.37025521748538     
   2.7357357357357359        168.75017537488290     
   2.7387387387387387        170.14300692887349     
   2.7417417417417416        171.54888167261785     
   2.7447447447447448        172.96793284200240     
   2.7477477477477477        174.40029513238562     
   2.7507507507507509        175.84610471555092     
   2.7537537537537538        177.30549925686404     
   2.7567567567567566        178.77861793264293     
   2.7597597597597598        180.26560144773816     
   2.7627627627627627        181.76659205332859     
   2.7657657657657659        183.28173356493713     
   2.7687687687687688        184.81117138066381     
   2.7717717717717716        186.35505249964609     
   2.7747747747747749        187.91352554074282     
   2.7777777777777777        189.48674076144817     
   2.7807807807807809        191.07485007703971     
   2.7837837837837838        192.67800707995849     
   2.7867867867867866        194.29636705943065     
   2.7897897897897899        195.93008702132860     
   2.7927927927927927        197.57932570827600     
   2.7957957957957960        199.24424362000303     
   2.7987987987987988        200.92500303394905     
   2.8018018018018016        202.62176802612254     
   2.8048048048048049        204.33470449221628     
   2.8078078078078077        206.06398016898257     
   2.8108108108108110        207.80976465587588     
   2.8138138138138138        209.57222943695800     
   2.8168168168168166        211.35154790307845     
   2.8198198198198199        213.14789537432708     
   2.8228228228228227        214.96144912276330     
   2.8258258258258260        216.79238839543092     
   2.8288288288288288        218.64089443765283     
   2.8318318318318316        220.50715051661953     
   2.8348348348348349        222.39134194526667     
   2.8378378378378377        224.29365610644987     
   2.8408408408408410        226.21428247742122     
   2.8438438438438438        228.15341265460700     
   2.8468468468468466        230.11124037869709     
   2.8498498498498499        232.08796156004331     
   2.8528528528528527        234.08377430437440     
   2.8558558558558560        236.09887893883339     
   2.8588588588588588        238.13347803833580     
   2.8618618618618616        240.18777645226044     
   2.8648648648648649        242.26198133146977     
   2.8678678678678677        244.35630215566806     
   2.8708708708708710        246.47095076110418     
   2.8738738738738738        248.60614136861469     
   2.8768768768768767        250.76209061202408     
   2.8798798798798799        252.93901756689539     
   2.8828828828828827        255.13714377964138     
   2.8858858858858860        257.35669329700357     
   2.8888888888888888        259.59789269589470     
   2.8918918918918917        261.86097111362130     
   2.8948948948948949        264.14616027848137     
   2.8978978978978978        266.45369454074626     
   2.9009009009009010        268.78381090403462     
   2.9039039039039038        271.13674905707524     
   2.9069069069069067        273.51275140587478     
   2.9099099099099099        275.91206310628672     
   2.9129129129129128        278.33493209698878     
   2.9159159159159160        280.78160913287968     
   2.9189189189189189        283.25234781889321     
   2.9219219219219217        285.74740464424002     
   2.9249249249249250        288.26703901708072     
   2.9279279279279278        290.81151329963507     
   2.9309309309309310        293.38109284373849     
   2.9339339339339339        295.97604602684191     
   2.9369369369369367        298.59664428847196     
   2.9399399399399400        301.24316216714828     
   2.9429429429429428        303.91587733777021     
   2.9459459459459461        306.61507064947534     
   2.9489489489489489        309.34102616397831     
   2.9519519519519521        312.09403119439605     
   2.9549549549549550        314.87437634456234     
   2.9579579579579578        317.68235554884598     
   2.9609609609609611        320.51826611247020     
   2.9639639639639639        323.38240875234368     
   2.9669669669669672        326.27508763841689     
   2.9699699699699700        329.19661043555425     
   2.9729729729729728        332.14728834594843     
   2.9759759759759761        335.12743615206870     
   2.9789789789789789        338.13737226015553     
   2.9819819819819822        341.17741874427685     
   2.9849849849849850        344.24790139093466     
   2.9879879879879878        347.34914974425163     
   2.9909909909909911        350.48149715172718     
   2.9939939939939939        353.64528081057807     
   2.9969969969969972        356.84084181467819     
   3.0000000000000000        360.06852520208724     
